geneID	baseMean	log2FoldChange	lfcSE	stat	pvalue	padj	-log10(P.Value)	trend	ENTREZID
Lcn2	48215.9637595039	-7.58104633603566	1.52741575081256	-4.96331554261024	6.92998560965229e-07	0.000763716334740931	6.15926766721432	down	16819
Saa2	588808.345418464	-7.4984242962907	1.26920606189801	-5.90796445226344	3.46360731524901e-09	1.10925487878165e-05	8.46047135178391	down	20209
Saa3	10260.4342730355	-5.84284203987892	1.42377525846987	-4.10376708340767	4.06476700367183e-05	0.0118531333540129	4.39096434353109	down	20210
Saa1	564766.300902695	-5.804375736027	1.01886988158486	-5.69687635382668	1.22022354543154e-08	2.93939218392266e-05	7.91356059911717	down	20208
Orm2	39707.4404976975	-5.60535356048767	1.40401429914377	-3.99237640521614	6.54144293635455e-05	0.0158709281424008	4.18432644278032	down	18406
Prtn3	856.596196398588	-5.47682850805663	1.35398688881036	-4.04496421148411	5.23311177984235e-05	0.0138649535711052	4.28123998858343	down	19152
H4c12	10.8033860391892	-5.13592955940342	1.39918260434388	-3.67066424600942	0.000241920954764041	0.0352170931694235	3.61632651219106	down	319160
Arpp21	20.5020883333264	-3.79189067549009	1.07112709521402	-3.54009406767218	0.000399984436526184	0.049650781256541	3.39795690682778	down	74100
Cxcl1	2097.44065054726	-3.06387280017261	0.832084970522958	-3.68216337118431	0.000231263127275934	0.03520533294617	3.63589360586811	down	14825
Gm15348	734.767373038258	-2.90027143700288	0.787370159254375	-3.6834916880129	0.000230060789098793	0.03520533294617	3.63815739493038	down	100038554
S100a9	51.5585146941527	-2.88926384516714	0.815462434311683	-3.54309864390738	0.00039545475138143	0.0495283592010047	3.40290320205146	down	20202
Trem2	45.1008108593886	-2.82903602827673	0.614511080681302	-4.60371849623966	4.15013348484572e-06	0.00215585624688049	5.38193793442053	down	83433
Hspa1a	151.179150198916	2.68489101887854	0.582719409472842	4.60751946002182	4.07501077199779e-06	0.00215585624688049	5.38987123889627	up	193740
4930527F14Rik	79.71709736618	-2.3569412690011	0.633376997101334	-3.72122966225123	0.000198255029496947	0.0320672503771173	3.70277578633034	down	67651
Atp6v0a4	71.9751726747736	-2.28559259042104	0.585040704698496	-3.90672404854109	9.35558944349083e-05	0.0199748071678158	4.02892884482982	down	140494
Gm37795	25.8588703483921	-2.25939392867239	0.55886892652675	-4.04279755311149	5.2817221497372e-05	0.0138649535711052	4.27722444902266	down	NA
Il1rn	112.704513873659	-2.24627714562475	0.479529393036113	-4.68433672314136	2.80867954154859e-06	0.00172982251918529	5.55149780913462	down	16181
Syt12	235.203500603039	-2.22766574548793	0.417398224235055	-5.33702736654059	9.44827839174969e-08	0.000168105868763431	7.02464731880061	down	171180
H1f3	117.759032399104	-2.17873185754493	0.456397486673921	-4.77375954329379	1.80818258200935e-06	0.00129874542835109	5.74275771857546	down	14957
Cyp2j11	56.8750458446905	-2.13361858946585	0.477854452493155	-4.46499677534429	8.00699577463024e-06	0.00356155620386539	5.0965304006742	down	100066
H1f4	143.70258300403	-2.08296925478555	0.515941797348371	-4.03721750300276	5.40889171216226e-05	0.0139697714494926	4.26689171319302	down	50709
Cyp3a41b	25.7904657560182	2.01615395396506	0.53113832176211	3.79591129345789	0.000147102094547726	0.0262186703665632	3.83238114342445	up	100041375
A530001N23Rik	180.951098644054	-2.00021127071083	0.3092032629567	-6.46892031987039	9.87056237894241e-11	5.26857717913349e-07	10.0056581025367	down	328265
Marco	172.481205758974	-1.98844126265408	0.549986962709713	-3.61543345110817	0.00029984549770787	0.0421177715332994	3.52310246787108	down	17167
Msln	94.0197411696549	1.96468797463118	0.501614012466079	3.91673263865219	8.97571977276492e-05	0.0194227298272006	4.04693071480467	up	56047
Gm48500	130.060715574484	-1.95961888067473	0.405861034939155	-4.82830011254593	1.37703460041076e-06	0.00105002166935131	5.86105514719502	down	NA
Noct	2654.44540848046	1.94939262453313	0.378262202348415	5.15354855026609	2.55602859034915e-07	0.000341080715143841	6.592434292704	up	12457
Loxl4	1657.08859904367	-1.94583119235287	0.423472468581401	-4.59494143473188	4.32870827413356e-06	0.00216611267480315	5.36364168173203	down	67573
Lrg1	157402.448737201	-1.92840249374748	0.48642079750397	-3.96447377176906	7.35580335404989e-05	0.0168314481571362	4.13336988946558	down	76905
Mboat1	683.484767834965	-1.88712528851812	0.441462128837392	-4.27471614266878	1.9138096479906e-05	0.00712693811471476	4.71810126036188	down	218121
Per1	999.944597871604	1.84730261155152	0.424511263000507	4.3515985853815	1.35148528293005e-05	0.00527837410623389	4.86918867921207	up	18626
Syne4	310.644588734627	-1.83354493514583	0.480803332525586	-3.81350296703332	0.000137010879935746	0.0252178760966794	3.86324494446078	down	233066
D830036C21Rik	39.729566135947	-1.79525200028903	0.45813267062865	-3.91862906835609	8.90540389414636e-05	0.0194227298272006	4.05034637883732	down	330479
Klhdc7b	67.0924995513099	-1.71953154326978	0.373604451488198	-4.60254565067488	4.17358044422002e-06	0.00215585624688049	5.37949121121649	down	546648
Ypel4	62.6827198143175	-1.66498148175783	0.355391359792492	-4.68492391804344	2.80063945054107e-06	0.00172982251918529	5.55274279789519	down	241525
Lbp	31178.0519673738	-1.64080388193735	0.424518644701326	-3.86509262294417	0.000111047050702619	0.0221873722060898	3.95449297138464	down	16803
Ptk6	322.76574610433	-1.6309126978194	0.408983993902264	-3.98771766654796	6.67119879448838e-05	0.0159441651188272	4.17579611765007	down	20459
Ctse	81.8607436564502	1.60162284423697	0.432862457284166	3.70007335421453	0.000215537156564877	0.0338372204713077	3.66647785079286	up	13034
Gm49936	109.563246651518	-1.5619261550371	0.312879234152973	-4.99210552999961	5.97246055601809e-07	0.000735669314488597	6.22384670978407	down	NA
Upk3b	103.222097849231	1.55319140040759	0.422780447811257	3.67375409257569	0.000239012766678863	0.0352170931694235	3.62157890093428	up	100647
Ccno	63.2009190481749	-1.55237960550706	0.437072626827064	-3.55176579411204	0.000382655296906421	0.0490196741549001	3.41719227057102	down	218630
Oas3	105.196684435213	-1.52637650822345	0.408893612423617	-3.73294290213101	0.000189255508462973	0.0312427675981194	3.72295147108677	down	246727
Mfsd2a	883.17606831118	1.52218120780102	0.373247478012402	4.0782089564459	4.53839690439194e-05	0.0125298878672462	4.34309752567241	up	76574
AC170598.1	53.0640134363076	-1.51931031239184	0.400295036628508	-3.79547626967413	0.000147360290575825	0.0262186703665632	3.83161953077268	down	NA
Cyp21a2-ps	821.969606869817	-1.5048937719626	0.325861920525276	-4.61819463144629	3.8709309816693e-06	0.00215585624688049	5.41218457204126	down	632302
Gm28720	107.861367485155	-1.49177546059149	0.356395538505445	-4.18572989675263	2.84251203228606e-05	0.00973622153249859	4.54629768827809	down	NA
Alas1	28912.994824168	1.47228773712473	0.409240707658873	3.59760822804552	0.000321156875049899	0.0447190003493394	3.49328277654798	up	11655
A930001C03Rik	148.667022894709	-1.46064548340046	0.26444409282859	-5.52345665118425	3.32394329530669e-08	6.65328799846824e-05	7.47834639365612	down	319314
Pfkfb3	1019.92492180268	1.42871524315053	0.288213908102743	4.95713497157543	7.15402799045399e-07	0.000763716334740931	6.14544936498717	up	170768
Speer9-ps1	183.808362614572	-1.42064076592443	0.290306049799997	-4.89359683307725	9.90095639007273e-07	0.000932611851024909	6.00432285238531	down	73949
Neat1	51436.4598396628	-1.40387102419683	0.269528434040857	-5.20861937699687	1.90250931402226e-07	0.000276953469503986	6.72067320839783	down	66961
Gm20627	224.137588230581	-1.40210311162697	0.377501728011073	-3.71416342652037	0.000203877013978684	0.0323235903449571	3.69063173579589	down	102631874
Gm12258	205.338661025965	-1.39400088257115	0.235054001402277	-5.93055584782588	3.01910870359377e-09	1.10925487878165e-05	8.52012124983843	down	108167848
Cyp3a16	61.3419300970815	1.39067708147696	0.388466225815812	3.57991760688184	0.000343702562541138	0.0452465531246977	3.46381722988394	up	13114
1810019D21Rik	4159.1980950229	-1.38368639021834	0.204684338218807	-6.76009900053607	1.37897480941424e-11	1.10407618115751e-07	10.8604436672776	down	69771
Gm12576	402.721048121735	-1.37924430714066	0.201567648710335	-6.84258766704529	7.77752783684875e-12	1.10407618115751e-07	11.1091584258164	down	102635494
Gm11767	167.220227850928	-1.36706028465816	0.335156199759789	-4.07887512043027	4.52541362400275e-05	0.0125298878672462	4.34434172001405	down	102640451
Gm15500	1205.17717022295	1.33309968113216	0.234368258644631	5.68805557903434	1.284940066662e-08	2.93939218392266e-05	7.89111712861673	up	100043295
Gm12405	105.150113078024	-1.32745696147332	0.329612563840308	-4.02732512986504	5.64149966150153e-05	0.0143195401372415	4.24860543358024	down	102637788
Gm49495	77.2032261329813	-1.32441915003836	0.344478544012689	-3.84470723375323	0.000120696449393937	0.0230084790969657	3.91830550563837	down	NA
Gm20635	54.5299697313413	-1.312468856819	0.370395532932556	-3.54342517693912	0.000394965369754861	0.0495283592010047	3.40344098129427	down	105242557
4930452B06Rik	138.571999393484	1.31053423943725	0.281097950789296	4.66219777041205	3.12850326819904e-06	0.00185543417902486	5.50466338699937	up	NA
Nodal	100.38022306502	-1.28602374216966	0.289622758940343	-4.44034076215176	8.98165436394491e-06	0.00388711436026621	5.04664366166695	down	18119
Hcn3	704.287762877625	1.27085062062617	0.287562334088033	4.41939179780449	9.89790624420241e-06	0.00413006224234275	5.00445666426687	up	15168
Tsku	10864.4702933318	1.2674695020424	0.289456066544932	4.37879750516701	1.19335949687022e-05	0.00477731640584569	4.92322870638154	up	244152
Jak3	1888.09750587235	-1.25104231407512	0.28884058917582	-4.33125523543922	1.48261697740766e-05	0.00565265372838784	4.82897103109122	down	16453
9330175E14Rik	174.298495688581	-1.25096692749812	0.277859318276165	-4.50215934905151	6.72665164625544e-06	0.00316805508269083	5.17220106258423	down	320377
Gnat1	2340.89911754278	-1.23695405870432	0.298461747460438	-4.14443079968993	3.40658804942699e-05	0.0109099388870949	4.46768038145346	down	14685
Pilrb1	133.324227786947	-1.23366181365968	0.34821676733787	-3.54279842148633	0.000395905200632524	0.0495283592010047	3.40240879329409	down	170741
Rasgef1b	1679.0720386881	1.17085005574001	0.284539402609875	4.114896021432	3.87353986381603e-05	0.0117977548573893	4.41189197021326	up	320292
BC025920	102.834654088882	-1.17082269750321	0.300250843833885	-3.89948178847074	9.63987873329981e-05	0.0202289118886731	4.01592842935339	down	268319
Xaf1	698.945655452121	-1.16823859154607	0.322263440693714	-3.62510432158015	0.000288844829452549	0.040931612867466	3.53933540226252	down	327959
Bin2	402.585619510043	-1.15961473792677	0.322748667300927	-3.59293424082697	0.000326975125804535	0.0451366611164484	3.48548528445508	down	668218
Sdk1	383.490125474646	-1.15858537321758	0.238380200702577	-4.86024162158973	1.17242570421569e-06	0.00100515783057538	5.93091466867384	down	330222
D930048N14Rik	1319.68867549059	-1.15430475932518	0.21947117432278	-5.25948231191184	1.44461523739801e-07	0.000231326237964543	6.84024780863468	down	97775
Lpl	3195.54121055899	1.15065333860275	0.237410475661948	4.84668309346713	1.25542725357569e-06	0.00100515783057538	5.90120844765515	up	16956
Platr22	387.911106853482	-1.13740898110186	0.27718689345689	-4.10340101913496	4.07120673496975e-05	0.0118531333540129	4.39027684368374	down	100503474
Fgd2	402.731595581043	-1.13239979987317	0.285885592828888	-3.96102436876192	7.46289152036891e-05	0.0168314481571362	4.12709287118244	down	26382
Oas1g	163.893333561666	-1.11731425702427	0.312044943880637	-3.58061964769941	0.000342780333146	0.0452465531246977	3.46498410346759	down	23960
Gm45349	541.399334955397	-1.10110866807291	0.226891521807663	-4.85301812646099	1.21596571790549e-06	0.00100515783057538	5.91507866908824	down	NA
Zfr2	155.005703935865	-1.05099283954922	0.293005666331311	-3.5869369104993	0.00033458523444624	0.0452465531246977	3.47549322876518	down	103406
Oas1b	349.517359066009	-1.04823993817923	0.213884716768553	-4.90095764679411	9.53706170917114e-07	0.000932611851024909	6.02058540727164	down	23961
Gm28876	166.950593849544	-1.01235547831582	0.275554388507173	-3.67388624728606	0.000238889116072294	0.0352170931694235	3.62180363650973	down	102632344
2900005J15Rik	701.279359787325	-1.0084315413564	0.250647572840112	-4.02330463419122	5.73871899530262e-05	0.0143195401372415	4.24118504059148	down	67261
Sult1c2	361.082789898716	1.00411475807974	0.267570576781691	3.75270992108743	0.000174933237016204	0.0298000630248987	3.75712766747178	up	69083
