geneID	baseMean	log2FoldChange	lfcSE	stat	pvalue	padj	-log10(P.Value)	trend	ENTREZID
Krt6b	775.484740886279	-9.80981515701646	2.29823687986474	-4.26840907608872	1.96872043524371e-05	0.00349189841082207	4.70581595072381	down	16688
Nr1h5	69.9291633288789	9.41560556843918	2.75261012991433	3.42060993894991	0.000624808761392617	0.0361222508287396	3.20425288918551	up	381463
AC125149.3	99.840201835026	-9.26927952049563	1.51908651578312	-6.10187729545947	1.04829841769114e-09	1.59594698273329e-06	8.97951506973004	down	NA
Krtap17-1	27.8904805399751	8.08751787133967	1.68493977871074	4.7998854163963	1.58756435349089e-06	0.000491579884303815	5.7992686611229	up	77914
Cpb1	21.8261437672235	7.73620823790448	1.67026423205602	4.63172717790977	3.62627801757283e-06	0.000920117681986639	5.44053890270351	up	76703
Slc22a29	35.4020778366615	7.46636211862738	1.38538726530516	5.38936823342515	7.07057986866306e-08	5.16689694482422e-05	7.15054496761276	up	236293
Cyp2b19	16.2306518314995	7.30972466831262	1.90809995557652	3.83089190215092	0.000127679593788096	0.013561502900667	3.89387850769658	up	13090
Gm46189	12.9075230988216	-7.27600501603948	1.60643146550567	-4.52929687464081	5.91802974533968e-06	0.00131849372460501	5.22782285630881	down	108167770
Cxcl2	46.3819556610853	-7.21078910920804	1.38971876522772	-5.18866787268752	2.11803771493024e-07	0.000101827450037001	6.67406631087619	down	20310
Gm26685	12.6029643165369	6.94552864129484	1.74232051731032	3.98636678629996	6.70927687503678e-05	0.00862602904368889	4.17332428550981	up	102635083
Pnoc	141.739778232342	-6.84775693615887	0.78562052855214	-8.71636711018606	2.87270795967998e-18	5.24815017153935e-14	17.5417085222664	down	18155
Slc5a11	2064.59371850744	6.75337099106467	0.907365093278348	7.44283755358547	9.85452408605211e-14	9.0016150264043e-10	13.0063643446765	up	233836
Fgf20	10.9718277180322	6.74275850776142	1.85464616113817	3.63560373350327	0.000277330366028439	0.0227199482375495	3.55700257515142	up	80857
Gm5038	8.82074248662427	-6.72002994153088	1.92247883540006	-3.49550269047954	0.000473169682547509	0.0314048277779061	3.32498308975021	down	263305
2610528A11Rik	16.0266388041545	-6.62096946464532	1.65548542553179	-3.99941271758312	6.34998607112469e-05	0.00840603944200479	4.1972272273443	down	NA
4930412L05Rik	34.409981135543	6.61994948522015	1.46079818803557	4.5317344582159	5.85013591625613e-06	0.00131849372460501	5.23283404383332	up	NA
S100a9	77.6614041913516	-6.60574305756576	0.995964779744215	-6.63250668287914	3.30033393522646e-11	1.20587601325305e-07	10.4814421150043	down	20202
Gm11373	9.82797976484433	6.58097434355269	1.90579369375692	3.45314100110151	0.000554099291880209	0.0337427998778651	3.25641240485312	up	NA
Gm30085	9.59936907170629	6.54706165764637	1.99490340431546	3.28189407240645	0.00103112332473201	0.0498348995225636	2.98668938898655	up	102631859
Rpe65	7.33283376523481	-6.45701602393254	1.87615690885336	-3.44161833877682	0.0005782454812681	0.0345227669845978	3.23788775236279	down	19892
Gm36107	7.02606515230375	-6.4107503961715	1.91174108170421	-3.35335703015633	0.000798376481447715	0.0430251915621484	3.09779226496708	down	102639906
Inmt	935.430330608231	6.40419615575329	1.69934703391016	3.76862172820427	0.000164151429068346	0.0157835918823664	3.78475533204037	up	21743
Trim30c	46.8836053334826	-6.30935983568874	1.33496735625018	-4.72622780336086	2.28729041838357e-06	0.000652914197710147	5.64067868930935	down	434219
Gm5860	26.7841127761395	6.25994560585811	1.55418975415757	4.02778720494863	5.63042674663368e-05	0.00773400498001885	4.2494586874427	up	545641
Gm36757	15.1831594409073	6.22528738066423	1.55560940878808	4.00183191583686	6.28539446307159e-05	0.00840603944200479	4.20166746137349	up	102640765
Slfn4	1474.12730723185	-6.22527753325724	1.03027653999898	-6.04233649080603	1.51898256567149e-09	2.13463788401942e-06	8.81844721078245	down	20558
Kcnd2	376.250680814263	6.1897702276781	0.991655289623789	6.24185671416763	4.32406979161238e-10	8.50546797750579e-07	9.36410730503613	up	16508
Sox15	23.2254138066118	6.06634013446992	1.75225318662192	3.46202260083482	0.000536132131505869	0.0332020268151889	3.27072816382949	up	20670
Csprs	205.747814960147	-5.69740585713952	0.901475478411485	-6.32008966808401	2.61411572134338e-10	5.96966001415279e-07	9.58267519103686	down	114564
Otop1	312.945322979405	-5.66289474222446	1.72041538340393	-3.29158573961373	0.000996242433468232	0.0487871912242718	3.00163496408062	down	21906
Slfn1	163.473522497868	-5.61271500606865	1.08905322863291	-5.15375636240873	2.55319621202423e-07	0.000109597203169933	6.59291580857021	down	20555
Gm47754	797.989264534204	-5.47522576184826	1.61232883814791	-3.39584930338259	0.00068416015694446	0.038223002774368	3.16484222118136	down	115488147
Habp2	25.4723248972837	5.46860690039231	1.5064969498778	3.63001524884328	0.000283404476590256	0.0229093645257849	3.54759329402119	up	226243
Cntn2	59.2168742029248	-5.44815042633652	0.955794071532638	-5.70012996376959	1.19716124474182e-08	1.15110204106255e-05	7.92184735085891	down	21367
Fpr1	12.8740071018695	-5.42709444309558	1.50452281233385	-3.60718654353731	0.000309535129159563	0.0238603260532323	3.50929005574113	down	14293
Epha8	22.7206593477629	5.42408629632925	1.42812790029214	3.79803958400343	0.000145845036241016	0.0145597976343558	3.83610834727465	up	13842
Cckar	12.9913924828862	-5.41903982542842	1.55221634507786	-3.49116271234509	0.000480923267782771	0.0314980933754881	3.31792421060511	down	12425
Clec4e	61.0949757752485	-5.3751308440583	1.15265900577282	-4.66324456507799	3.11262472673417e-06	0.000836243251951567	5.50687323682887	down	56619
Hs3st4	26.8594729426702	5.31523596548749	1.45182935505719	3.6610610930085	0.000251172852095048	0.0214424151164693	3.60002730292235	up	628779
Saa3	308.529676888937	-5.28389127683793	0.887481250253008	-5.95380609486857	2.61977175720035e-09	2.99128813951832e-06	8.58173654414068	down	20210
Cxcl5	383.500400228343	-5.20351974918105	0.871163386944187	-5.97306983645586	2.32830169471219e-09	2.96150852844292e-06	8.632960745732	down	20311
Il1f9	272.702864895144	-5.12391455044197	0.734957198873557	-6.97171829637864	3.13093017550998e-12	1.9066321125464e-08	11.5043266177005	down	NA
Tmprss11b	369.768257474063	-5.03539088616172	0.848788356694901	-5.93244575805569	2.98455004897496e-09	3.20733793204257e-06	8.52512113387353	down	319875
Csmd2	443.048123932947	-4.90981398448794	0.942123408897656	-5.21143402034	1.87386487331242e-07	9.50934371404015e-05	6.72726172982532	down	329942
Gm48874	51.6079480996653	-4.84208813239027	1.07850808463841	-4.48961690816966	7.13513790202029e-06	0.00149829694634493	5.14659762878512	down	NA
Arg1	7377.70044932604	-4.8414853897231	0.995631779139212	-4.86272685460973	1.15779566409637e-06	0.00039169942569216	5.93636808118357	down	11846
Cxcl15	153.720197823701	4.8310843568489	0.932115394887693	5.18292518645825	2.1843267260665e-07	0.000102321705021818	6.66068240043842	up	20309
Amdhd1	47.603213860813	4.75819952222507	1.12815134170349	4.21769610719097	2.46811140963023e-05	0.00418792013805752	4.60763524030509	up	71761
Mrgprb9-ps	18.0749972638889	-4.74559694490577	1.42687331859958	-3.325871248026	0.000881426332867915	0.0457465274862612	3.05481397895839	down	404253
Ddx4	420.669795790914	-4.7083407024559	0.936958666171674	-5.02513170799065	5.03087150223472e-07	0.000195551045690056	6.2983567752171	down	13206
Ly6c2	275.621936937512	-4.66594719484703	1.12257881628278	-4.15645398538472	3.23225235074876e-05	0.00517982615752887	4.49049474002016	down	100041546
Ankfn1	224.249681888725	4.65113499682413	1.05583671976041	4.40516503146394	1.05703373677863e-05	0.00201155722262592	4.97591115132741	up	382543
Tmprss11e	348.945011299527	-4.62370203486805	0.912323549735945	-5.0680507328856	4.01910295913604e-07	0.000159619547740122	6.39587086815186	down	243084
Bpifb1	36.1932900346041	4.53344645897691	1.26566734471939	3.58186254697282	0.000341153284766761	0.025294179336988	3.46705044279471	up	228801
Gm43305	146.163147063156	-4.51507162057728	0.829284975446286	-5.44453565934613	5.19406984861674e-08	4.12567226366866e-05	7.28449221437848	down	108168162
Trim15	669.957839941547	-4.50428628520687	0.722965586740641	-6.23029141056855	4.6556833857933e-10	8.50546797750579e-07	9.33201656196605	down	69097
Treml2	45.2329746991523	-4.50397611653676	1.33595244933444	-3.37135960099523	0.000747981533325398	0.0410356595565216	3.12610912415944	down	328833
AC167036.1	182.586064045277	-4.49529050327597	0.962646345048028	-4.66972167546296	3.01608084392197e-06	0.000822399715486724	5.52055702168865	down	NA
Col9a2	31.4394744800403	4.49195278225585	0.933789890815834	4.81045342901637	1.5058828838189e-06	0.000482648673762937	5.82220880296202	up	12840
Gm2018	56.5400544819384	4.48030712566895	1.28452178988731	3.48791835291637	0.000486796706015416	0.0314980933754881	3.31265236915226	up	100039047
Gm26588	22.6129255089892	4.44586446727563	1.30788560018564	3.3992762567648	0.000675644348075487	0.0379986592323239	3.17028185185954	up	102639841
Mgat4c	774.00321902417	-4.42730195258013	0.976053515606202	-4.53592132172225	5.73525596189337e-06	0.00130971738959787	5.24144719496284	down	67569
S100a8	20.9011472450902	-4.42520478259916	1.07887121913499	-4.10169879788542	4.10127926595593e-05	0.0061740045731983	4.38708065755126	down	20201
Aspg	9420.11994004155	4.37456212037299	0.941318103036321	4.64727291046712	3.36352047668893e-06	0.00086546698012155	5.47320592404304	up	104816
Ifi27l2b	64.9164249164591	-4.3570678509783	0.987183389809673	-4.4136356992578	1.01648953396967e-05	0.00197555822298851	4.99289708860747	down	217845
Gm13010	20.1066970259945	-4.34225410116725	1.23514908500852	-3.51557083583743	0.000438809682555096	0.0299127391440263	3.35772379806666	down	105247191
Ms4a4c	308.896535602031	-4.32256313404153	0.825166783355556	-5.23841145963698	1.61964646322215e-07	8.61339255962995e-05	6.79057977300541	down	64380
Catsperd	108.178030558515	4.30823021749683	0.887786150231392	4.8527792603815	1.2174317421976e-06	0.000404386554512872	5.91455537903977	up	106757
Mx1	4870.41993026782	-4.30574766868165	1.00960388640217	-4.26478911845878	2.00091095200279e-05	0.00351486944059029	4.69877223865732	down	17857
Uox	2350.18308320061	-4.30449823809553	0.925570474511262	-4.65064342114896	3.30901031053951e-06	0.000863604419474948	5.48030187962061	down	22262
BC048671	47.2068159266026	-4.29376171549267	1.20386862183172	-3.56663645652594	0.000361592560913315	0.0263096855110459	3.4417805128967	down	243535
C330002G04Rik	131.727315374983	4.28312234142534	1.08806454085062	3.93645981522099	8.26924596397631e-05	0.00980979574778462	4.08253409003805	up	77610
AC147806.2	158.139894637841	-4.23411154503766	0.829668274654235	-5.10337887368567	3.33642091564197e-07	0.000138529712972416	6.47671916492601	down	NA
Mrap2	22.0044163984024	4.21365362200218	1.23022434658497	3.42510992706252	0.000614550712425553	0.0357554998894982	3.21144227352961	up	244958
Acaa1b	392.11614257325	4.20932903900799	1.05293433759991	3.99771276203498	6.39574953439524e-05	0.00840603944200479	4.19410855211153	up	235674
Asb16	19.6607511992307	4.20401553771261	1.12893480354247	3.72387805258629	0.000196185717656217	0.0178314272430916	3.70733261249567	up	217217
Muc3a	19.4245097070081	4.20038713935148	1.22954414620133	3.41621498693525	0.000634980948642262	0.0363651001590768	3.19723930466654	up	619309
Miat	135.679387838441	-4.19092592295346	1.19202875066999	-3.51579265231472	0.00043844325338296	0.0299127391440263	3.35808660831261	down	330166
Sec14l5	30.662478262418	4.18009359598978	1.20169926317883	3.47848561122711	0.000504255508647959	0.0321792067178217	3.29734934871789	up	665119
Gm35608	28.2250022646657	-4.17206364203342	1.09469846191336	-3.81115328758326	0.000138319957944316	0.0139309658817614	3.85911515177978	down	102639255
Hmgcs2	1238.13305253765	4.15229271727689	0.849598014903144	4.88736160447628	1.02196286477645e-06	0.00036608312895296	5.99056488494072	up	15360
Col26a1	204.614905552685	4.14889938337632	0.775297389839228	5.35136508615961	8.72932064320731e-08	5.90651699373164e-05	7.05901955381869	up	140709
Adamdec1	561.3866883056	4.14285246441776	1.03213519746715	4.01386608516429	5.97322435900514e-05	0.00814364446378096	4.22379117250423	up	58860
Peg10	1979.08723889257	-4.12422566292093	0.596465213655094	-6.91444457866702	4.69699989301146e-12	2.14523727613566e-08	11.3281794497091	down	170676
9330159F19Rik	160.025775640861	4.11811593176781	0.962948864505945	4.27656761803304	1.89796926362554e-05	0.00343306935417574	4.72171082496769	up	212448
Hnf1aos1	181.733069441127	4.10371932880485	1.12624897523391	3.64370527214247	0.000268741137098124	0.0223165083347529	3.57066584957996	up	102638537
Ifi214	79.1311509297961	-4.10341331772048	1.20270012797088	-3.41183410751232	0.000645273702394626	0.0368390789657732	3.19025603385091	down	545384
9030622O22Rik	148.977746576451	4.10339176128368	0.839464857479368	4.88810427824792	1.01811601459585e-06	0.00036608312895296	5.99220273120552	up	100043820
2210009P08Rik	71.4791750635962	-4.10243547542908	1.24178424113564	-3.30366205298057	0.000954307961554468	0.0481609175404381	3.02031145294679	down	72292
E230016K23Rik	140.741333688437	4.06312155956332	1.12285716179855	3.61855603526203	0.000296251359429126	0.0233641773415069	3.52833964810011	up	100504464
4930425P05Rik	18.0073967641564	4.05802028003332	1.21489658308832	3.34021869558448	0.000837124400559733	0.044148744377209	3.07720999904121	up	73882
Fam189a1	130.70615096671	4.03985764321942	1.11389042717675	3.62679985809625	0.000286955540917073	0.0229929420044474	3.54218538490386	up	NA
Ccl7	476.353796536357	-4.03769214289325	0.875286740801791	-4.61299361075045	3.96910508217833e-06	0.000966821076617545	5.40130740298095	down	20306
Kcnmb2	56.2529211176418	4.00733189517927	1.09215216662506	3.66920656080609	0.00024330443439595	0.0209368969724075	3.61384997567197	up	72413
Ihh	136.077521852045	3.99908133410401	0.776245215751448	5.15182735166062	2.57960465066895e-07	0.000109597203169933	6.58844684876135	up	16147
Gkn3	37.6546335995657	3.98802910481401	1.14021706301142	3.49760517903604	0.000469455558157033	0.0314048277779061	3.32840551470929	up	68888
Tmprss11d	1612.14491019098	-3.97440079680452	0.853012431359747	-4.65925307849162	3.17358829321484e-06	0.000840264993170172	5.49844941456364	down	231382
Spta1	173.191447182667	-3.96674267975456	0.928046680726338	-4.27429219039927	1.91745446771098e-05	0.00343431134025607	4.71727494010735	down	20739
Nrk	1060.82419623048	-3.93663487880095	1.00095593885344	-3.932875290505	8.39357895515283e-05	0.00984573804176319	4.07605281997561	down	27206
Sult1d1	3889.25113964901	3.92279705123251	0.922397692958459	4.25282617376318	2.11089429719925e-05	0.00367275503957458	4.67553351339648	up	53315
Gm49368	29.3287285218274	-3.90889080852689	1.06197726892139	-3.68076692686371	0.00023253348859029	0.0202293062050286	3.63351449282719	down	118261720
Ccl12	258.866634906416	-3.86465581121982	0.7815157776094	-4.94507714616014	7.61137160264212e-07	0.000289691974601394	6.1185370744011	down	20293
Fam3b	885.326964777092	-3.85979891303328	0.977765182052739	-3.94757246819727	7.89476249542953e-05	0.00961529440193347	4.1026609306938	down	52793
Vipr2	247.097442611908	3.85833920586475	0.967161959724389	3.98934135805368	6.62570144010229e-05	0.00858474749001622	4.17876813770208	up	22355
Snhg11	512.988023120564	3.85464977559998	0.943360628815223	4.08608294416641	4.38716999349997e-05	0.00636104830248024	4.35781553728216	up	319317
9630002D21Rik	108.682093692141	3.84758368263514	1.15195699055081	3.34004109024541	0.000837659950412549	0.044148744377209	3.07693224823269	up	319560
Gm37350	19.9569427867706	3.81813564038261	1.14916903751637	3.32251872068754	0.000892086850508879	0.0461173127942067	3.04959286214785	up	NA
Dsg3	126.343762888358	-3.81709892481901	0.717458788916592	-5.32030408406184	1.03593953696878e-07	6.75913550031525e-05	6.98466559162467	down	13512
Grpr	79.1062539669105	-3.81481631514459	0.6603316209145	-5.7771219707174	7.59892014013527e-09	7.71248178000729e-06	8.11924811962728	down	14829
Ifit1bl1	601.670497143475	-3.79645306290968	1.04486130881274	-3.63345166567947	0.000279654853660413	0.0228081005425093	3.55337763870068	down	667373
Uroc1	24.0041732139206	-3.78155275264053	1.07697203006084	-3.51128223118934	0.000445950669824136	0.030174343655619	3.35071317942251	down	243537
4732490B19Rik	25.8956142997288	3.75792216395396	0.943050017060038	3.98485986530099	6.75199602193613e-05	0.00862602904368889	4.17056782225499	up	319871
Aoc1	6562.27090500318	-3.75224886693647	0.943410040240528	-3.97732556034681	6.96947152728811e-05	0.0088420330091685	4.15680015181361	down	76507
Lgr5	198.311711435964	3.74217658653864	0.708386769679377	5.28267430549612	1.27311608507682e-07	7.75285258608948e-05	6.89513199476759	up	14160
E230034D01Rik	193.932629387423	3.72634950574991	0.672981442781189	5.5370761641662	3.07562824630151e-08	2.6756501157944e-05	7.51206615922718	up	320998
Zbp1	2802.54642730307	-3.72223056537749	0.914404143132589	-4.07066240166604	4.68796461729094e-05	0.00674365555852663	4.32901567484263	down	58203
Apol7a	719.760591092371	-3.71655109435491	1.04167068522342	-3.56787528637977	0.000359887715026421	0.0263096855110459	3.44383297798531	down	75761
Gm4070	323.605714946392	-3.70759317207442	0.716251273745085	-5.17638614824155	2.26224994676964e-07	0.000103322610693836	6.64545941333366	down	NA
Gm2619	36.6847331029043	-3.70718274709269	1.0890574711755	-3.40402857077072	0.000663998078034686	0.0375559779802343	3.1778331777105	down	108167347
Gm8189	416.441505069526	3.70220615896727	0.727485083772687	5.0890475166417	3.59866441507543e-07	0.000146097778220029	6.44385865056192	up	100534389
Kcng4	79.5533597718194	3.69857632987004	0.902402570702751	4.09858798051711	4.15678232253211e-05	0.0061740045731983	4.38124271751889	up	66733
Wnt2	95.7612833011692	3.69560124279191	0.988316629590876	3.73928873818681	0.000184541663962907	0.0169416666278309	3.73390556778979	up	22413
Gstm1	10543.5007449312	3.68841703760553	0.920018813641517	4.00906697006167	6.09591281833873e-05	0.00824935046505409	4.21496125275526	up	14862
Slc47a1	82.9354774294622	3.65249516018153	1.0321003960756	3.53889522188886	0.000401805303402133	0.028674144874428	3.39598433532525	up	67473
Gm14548	16.5702832695975	-3.65183777263107	1.05105936313421	-3.47443531804089	0.000511929770344278	0.0322693672340727	3.29078961411003	down	NA
Il1b	139.628096563642	-3.63357653307909	0.746002045207189	-4.87073266946598	1.11185187688031e-06	0.000390623498821661	5.9539530664755	down	16176
D630003M21Rik	170.19104674885	3.63296660754768	0.897588798957176	4.04747319905115	5.17735078817558e-05	0.00722023065260913	4.28589240866933	up	228846
Cmah	638.227178445195	-3.60606964839673	0.890488112061153	-4.04954271657821	5.13178104278873e-05	0.00721173137466979	4.28973188190296	down	12763
Ifit1	3531.6212041142	-3.60514135746635	1.02245681254141	-3.5259595449371	0.000421951418902599	0.0293387098538297	3.37473754836785	down	15957
Lrp2	703.307283530406	3.60231401602495	0.809065171869329	4.45243985438389	8.49000256866558e-06	0.00170443798820826	5.07109217835945	up	14725
Nr1h4	42.0298114336414	3.60055124014634	0.92872692218274	3.87686752063152	0.000105809932918743	0.0117868394176373	3.97547356094627	up	20186
Ghrh	63.237798219957	-3.59256889662338	1.03150969803641	-3.48282609796323	0.000496150545928986	0.0319161067731572	3.3043865264413	down	14601
Car8	145.871495218666	3.57198277661715	0.754937894546499	4.73149222263228	2.2287535841224e-06	0.000646303162354477	5.65193794541465	up	12319
Gm34030	34.2637250797138	3.56417068588073	0.934760238279059	3.81292500464349	0.000137331793706774	0.0139309658817614	3.8622289075341	up	102637146
Rnf213	6272.03965203889	-3.56095676053951	0.977156314541668	-3.64420380603053	0.00026822082267996	0.0223165083347529	3.57150750976565	down	672511
Aldh1l2	987.347599801551	-3.55562549439633	0.849500844435495	-4.18554674511135	2.8448051428716e-05	0.0046403343888501	4.54594747558659	down	216188
Sec1	341.319126963483	-3.54680513740069	0.85233374274952	-4.16128678181759	3.16459379556475e-05	0.00511628000452854	4.4996820277213	down	56546
Mgst2	125.637141502047	3.53780283571271	0.885752144892317	3.9941227984752	6.4934205402949e-05	0.00847344998933196	4.18752646954136	up	211666
Creb3l3	48.6599688747908	-3.5295369345726	0.985565806402101	-3.58122908855524	0.000341981624403965	0.025294179336988	3.46599722913205	down	208677
Ifi205	676.071611448324	-3.52665436880815	0.536467750283314	-6.57384226161906	4.903317664605e-11	1.49297850691115e-07	10.3095099697936	down	226695
Trim63	232.608381015818	3.51275608686712	0.899391058555158	3.90570492496361	9.39511003899883e-05	0.0107949223460673	4.02709812891629	up	433766
Gldc	181.545506492158	3.49267141933384	0.915436504659863	3.81530712567723	0.000136013658874294	0.0139309658817614	3.86641747636602	up	104174
Prtg	173.180056816415	3.47845026734658	0.945557922738941	3.6787278533617	0.000234400224140669	0.0202950601650516	3.63004197736807	up	235472
Tnip3	215.19394465589	-3.47624632860192	0.826919613248977	-4.2038503778423	2.62412434627096e-05	0.00435819342563856	4.58101558941078	down	414084
2700046A07Rik	147.634443200099	3.46910458083215	0.722028166934337	4.80466654862184	1.55009623873768e-06	0.000488253589405151	5.80964133753601	up	78449
Zbtb16	692.197516409482	3.45665356863772	0.919452775310055	3.75946830708307	0.000170274845314556	0.0161153239645074	3.76884950557811	up	235320
Galnt13	473.353468296985	-3.45657776920965	0.889409515832337	-3.88637372063067	0.000101752819304745	0.0114044310176588	3.99245354877075	down	271786
Ifi209	216.520900370953	-3.45447065631412	0.773334738615244	-4.46697980036407	7.93316171908476e-06	0.00163022220048443	5.1005536924439	down	236312
Il1f6	861.354891227612	-3.45177083383084	0.725234519805918	-4.7595236293421	1.94050407699722e-06	0.000572350979695806	5.71208544047071	down	NA
Gvin1	168.790640384207	-3.44737020502625	0.785048970061738	-4.39128046337687	1.12685075572082e-05	0.00212231303672821	4.94813359971161	down	74558
Arhgap20	48.2524530591465	-3.43238910287758	0.760831468994767	-4.51136584480733	6.44115161281597e-06	0.00136829533505273	5.19103647823356	down	244867
Bdnf	38.2280106365659	-3.42045871770565	0.995942933215674	-3.43439227653513	0.000593884069509258	0.0348863924947416	3.22629832418756	down	12064
Gm12250	871.598126186792	-3.41602557098885	0.933757021358749	-3.65836667660934	0.000253827724107786	0.0215682729847681	3.59546094422141	down	631323
Ret	890.036874528392	-3.41577639544185	0.756150406748719	-4.51732402040084	6.26260367743911e-06	0.00134601772450747	5.20324507131759	down	19713
Chil5	181.261289645751	-3.40743923620136	0.943240057976603	-3.61248359565098	0.000303278298091318	0.023576983948214	3.51815866570779	down	229687
Lrg1	1074.0502945771	-3.40416094628396	0.649698452941389	-5.23960143489992	1.60923774130094e-07	8.61339255962995e-05	6.79337979051382	down	76905
Ifi207	611.558333966053	-3.40367373577143	0.872461023051773	-3.90123300163686	9.57039790870361e-05	0.0109275999621316	4.01907000517386	down	226691
Ndp	175.078719050129	3.39864000075188	0.886412210016806	3.83415296218386	0.000125997720539574	0.013461124892032	3.89963731175577	up	17986
Ifi202b	4981.40109656621	-3.38585682305063	0.72448257330191	-4.67348276939114	2.96134560792334e-06	0.00081970943804775	5.52851090471637	down	26388
Rarres1	27.7177525236843	3.37318716642728	1.02358252968062	3.29547160938727	0.000982566311423465	0.0483841076641382	3.00763813030267	up	109222
Spo11	40.0628257320165	3.36736718096424	1.01729515739862	3.31011816627056	0.000932565924854219	0.0473122731152986	3.03032045733332	up	26972
Olfr1417	27.5819612148425	3.36690175687924	0.96340841939786	3.49478132958771	0.000474450296496912	0.0314048277779061	3.32380927762606	up	NA
Zfp981	2561.3387291498	-3.35400617118577	0.866959218538652	-3.86870120239253	0.0001094166271643	0.0121147415858461	3.96091667675019	down	100041433
Fam135b	70.7661118544181	-3.31394323412335	0.948858199064994	-3.49255899078378	0.000478415910880488	0.0314980933754881	3.32019438526402	down	70363
Gm45418	88.6681540690285	-3.30487085404316	0.891631497448891	-3.70654341339326	0.000210107234041448	0.0188159267583491	3.67755899447555	down	NA
Ccl11	1270.41156146519	-3.29913287068133	0.799639047735669	-4.12577759930991	3.69484199819747e-05	0.0057204295309381	4.43240412852169	down	20292
Siglec1	491.827277696313	-3.27605157372561	0.774225367426762	-4.23139270754456	2.32248773562047e-05	0.00400278570208022	4.6340465707106	down	20612
Isg15	2594.05891490024	-3.26274668491157	0.852909962740246	-3.82542920993554	0.000130544443897205	0.0137064163537819	3.88424160745753	down	100038882
A2m	6391.88125113154	-3.25752589589824	0.97345582075169	-3.34635206493791	0.000818823586176793	0.0439973179290113	3.08680965599622	down	232345
Ifi44	3164.0661271283	-3.25331966348825	0.848007934849554	-3.83642596936952	0.000124837804131353	0.0134156579039746	3.90365387908091	down	99899
Muc4	10840.3508518113	-3.23652797389721	0.895550974233835	-3.6140075406273	0.000301500286463478	0.0235389262111165	3.52071227088884	down	140474
Apobec2	765.725104366785	-3.23474652776476	0.845551185015981	-3.82560699468906	0.00013045026057329	0.0137064163537819	3.88455504906335	down	11811
Dhx58	943.050463086999	-3.2147197765913	0.777362408769442	-4.13541964510501	3.54306578614864e-05	0.00557814951013104	4.4506207837955	down	80861
Ifi211	572.825315843402	-3.2099383816532	0.682525038592459	-4.70303388176486	2.56323863258614e-06	0.00072042779351871	5.5912109599527	down	381308
Gm47015	282.148792406287	3.15712280646228	0.694721040727551	4.5444467942931	5.50797171620667e-06	0.00127928507739805	5.25900829853982	up	NA
Nell2	68.8833164458247	-3.14407751253792	0.799514801958191	-3.93248193133806	8.40733009204147e-05	0.00984573804176319	4.07534190080006	down	54003
Syngr1	206.699395109345	3.13581313411527	0.863394122992617	3.63196024921528	0.000281276456529687	0.022838398152626	3.55086661773579	up	20972
Tfap2c	183.997005428348	3.12310134737998	0.909201232571729	3.43499462549793	0.000592565580739754	0.0348863924947416	3.2272635781832	up	21420
Fn3k	115.601243100939	3.1221928338824	0.810803249396435	3.85074040614239	0.000117761270100686	0.0128174225944782	3.92899751894794	up	63828
Camk2b	12821.1520184727	3.1174371554569	0.891805392726533	3.49564734737239	0.000472913265230489	0.0314048277779061	3.3252185038412	up	12323
Edn3	107.516973086255	3.11375481396066	0.868132965665997	3.58672569422809	0.000334856247541896	0.0250716753538643	3.4751415938529	up	13616
Gfra1	767.15193194901	-3.11090942964088	0.47926869756359	-6.49095057836136	8.52964590784185e-11	2.22611572986232e-07	10.0690689973744	down	14585
B4galnt4	190.314840379379	3.08729508825095	0.517482638417668	5.96598776278008	2.43158508548053e-09	2.96150852844292e-06	8.61411052909471	up	330671
Cldn8	700.349250264243	3.08166078470375	0.892797798744401	3.45168949681293	0.000557088414237517	0.0338121203976917	3.25407587346487	up	54420
Phf11a	176.947410060452	-3.06926889881371	0.913056068018733	-3.3615338710511	0.000775108494987616	0.0421891898907316	3.11063750333036	down	219131
Gm45104	199.558768165799	3.0640598361727	0.585306704587509	5.23496452741315	1.65016552404099e-07	8.61339255962995e-05	6.78247249059086	up	NA
Wnt6	77.2576803717157	3.0554213762517	0.847657115668175	3.60454872586451	0.000312695782130919	0.0240026858981082	3.50487797679871	up	22420
Irf7	5163.72892301823	-3.05190979177161	0.903820413082629	-3.37667721108729	0.00073367094035427	0.0404937595448101	3.1344986823614	down	54123
Sfrp2	1317.5796909639	3.04923078707356	0.820318534928779	3.71713018448169	0.000201498626347483	0.0181338837672028	3.69572791017668	up	20319
Col1a1	75946.6245586048	-3.0476891552571	0.736351675424051	-4.13890435368671	3.48968387308787e-05	0.00554374214586454	4.45721391355426	down	12842
Ifi208	97.5315885266061	-3.04132587005729	0.880085660966687	-3.4557157387574	0.000548833787643267	0.0336464579411236	3.26055916017423	down	100033459
Chst9	166.927432837695	3.03011138872078	0.719938166726586	4.20884949397542	2.56674280179568e-05	0.00430200222440415	4.59061764724484	up	71367
Rgs22	423.812820640805	3.01723441666176	0.680501895282934	4.43383690416803	9.25706660193311e-06	0.00183823206250778	5.03352661163552	up	626596
Lgr6	3087.52022190118	-3.0166973161392	0.869234980587339	-3.47051992097791	0.000519451809955495	0.0325802572848076	3.28445473615525	down	329252
Alox12e	825.418170904767	3.00907191939136	0.867662848709228	3.46801977734529	0.000524308700078462	0.0325802572848076	3.28041293579244	up	11685
Oas2	5524.97726170345	-3.00286259417907	0.792975891698944	-3.78682709728472	0.000152583195282315	0.0150193162858903	3.81649329467759	down	246728
Cldn1	441.391846033574	2.99412955086982	0.848723516316939	3.52780321660337	0.000419023539336284	0.0293387098538297	3.37776157914181	up	12737
Ifi204	1852.11548329886	-2.96967848906254	0.742539719082598	-3.99935304838851	6.35158712646132e-05	0.00840603944200479	4.19711774019797	down	15951
Gm12248	979.299719070839	-2.96510253452048	0.673052307692737	-4.40545630797259	1.05561428479857e-05	0.00201155722262592	4.97649474144629	down	NA
Gm8739	335.285161227167	-2.96038776618668	0.724459158831863	-4.08634183182954	4.38227992030452e-05	0.00636104830248024	4.35829988511376	down	667632
Slc6a15	187.529796862337	2.96020587563807	0.776890390079814	3.8103262872565	0.000138783501586325	0.0139309658817614	3.85766215921182	up	103098
Inhbb	18464.6345729589	-2.95775155859591	0.817818719607468	-3.61663469872095	0.000298458038549313	0.0234014159066841	3.52511671950109	down	16324
C230035I16Rik	192.763821224905	2.92868803714142	0.638731240213957	4.5851648592613	4.53628363283716e-06	0.00107627747647146	5.34329979884067	up	320842
Tmem132c	608.789787447337	2.91543773099325	0.681577441025749	4.27748566121206	1.89016129033686e-05	0.00343306935417574	4.72350113523704	up	208213
Oxtr	6049.97892250369	-2.90807019521781	0.776854373623158	-3.74339167539846	0.000181552891122338	0.0168782121475213	3.74099683081344	down	18430
Has1	98.5205413072837	-2.89787049469302	0.606671763443202	-4.77666947649909	1.7822235340602e-06	0.000542657362395764	5.74903782582073	down	15116
Col4a3	282.068087496275	-2.8954368544857	0.834609970214653	-3.46920952039553	0.00052199219841166	0.0325802572848076	3.28233598782549	down	12828
Fmo2	1608.13499832601	2.89335557470181	0.7523056029926	3.84598434890332	0.000120069427310913	0.0129795761393081	3.92056756079379	up	55990
Slfn10-ps	163.563560567719	-2.89156244772858	0.818213992760409	-3.53399290810625	0.000409332061594514	0.0288729244527806	3.38792423720607	down	NA
Agtr1b	26.0205650779966	2.88983963057222	0.87557730587053	3.30049626822961	0.000965139971583567	0.0482000927733807	3.0154096975597	up	11608
Adamts1	9181.16657896267	-2.87329107224939	0.46549860084946	-6.17250205909556	6.72176524860979e-10	1.11636299388047e-06	9.17251665893195	down	11504
Baiap3	130.484408900257	2.87128993561903	0.634397866415945	4.526008184486	6.01082529057862e-06	0.00132303334016362	5.22106589496273	up	545192
Il34	231.535398476877	2.86055975440983	0.723176141282527	3.95555050991689	7.63586123554276e-05	0.00939857080680793	4.11714197252374	up	76527
Chodl	523.772667832138	2.85893494907247	0.836814085591763	3.41645175230378	0.000634429048708921	0.0363651001590768	3.19761694012115	up	246048
Rgs6	58.6740833885337	2.85589983009703	0.724446022103686	3.94218443191104	8.07428484802123e-05	0.00970454670319078	4.09289593343181	up	50779
Mkrn2os	827.311844100049	-2.85075071395466	0.806416731244889	-3.53508378918908	0.000407645874994248	0.0288654360087981	3.38971694798315	down	70291
Adra2c	72.3773482506118	2.85026006781397	0.863597109677383	3.30045114310162	0.000965295191020713	0.0482000927733807	3.01533985740501	up	11553
Cnbd2	1652.15704275454	-2.84198252622183	0.547118468680146	-5.19445547703362	2.0531990143649e-07	0.000101378088630898	6.68756895289364	down	70873
Gm41804	215.060654571986	2.83451343695014	0.847765575595951	3.34351089327681	0.000827254461298721	0.0440615503016511	3.08236088205606	up	105246529
Ifit1bl2	89.8259356178506	-2.8331981464252	0.801320856618999	-3.53566005804375	0.000406757751254654	0.0288654360087981	3.39066416231231	down	112419
Col1a2	103313.249663569	-2.81859413558256	0.536930681859397	-5.24945627212387	1.5254880465434e-07	8.61339255962995e-05	6.81659119106358	down	12843
Mapk15	182.465579510366	2.80828209825578	0.735167457932245	3.8199216626841	0.000133494065124791	0.0138568356577546	3.87453804172149	up	332110
Il17b	26.2293173732071	-2.80264570203597	0.806632170272944	-3.47450276014608	0.00051180109842472	0.0322693672340727	3.29089878636739	down	56069
Nlrp3	79.7190394463841	-2.80150404296343	0.803262335684562	-3.48765766612961	0.000487271533237199	0.0314980933754881	3.31222895968196	down	216799
Rpp25	39.6520288280405	2.79768856004241	0.844246163079278	3.31383035232071	0.000920273246391114	0.0470937589308663	3.03608320332778	up	102614
Entpd3	283.307501570119	2.79345746695752	0.757340793654084	3.68850785586156	0.000225573062588775	0.0198124725020881	3.64671276403064	up	215446
Adora1	144.352780590069	2.79277293443414	0.843886493443342	3.30941774294631	0.00093490232605084	0.0473122731152986	3.02923375968678	up	11539
Cyp4b1	88.5462064389041	2.7795861421864	0.707519576844715	3.92863495676312	8.54294037367162e-05	0.00994082660424247	4.06839262482933	up	13120
Trim30a	2768.2054073348	-2.77749675652842	0.805206203513805	-3.44942294831785	0.000561786031082884	0.0339843344432225	3.25042906381555	down	20128
Col6a3	47363.4398462224	-2.77352007551316	0.674963321205023	-4.10914191686971	3.97131980886093e-05	0.00604600346567336	4.40106513795979	down	12835
Map2	1640.04843829185	2.76260969052406	0.700536330272211	3.94356376842095	8.0279631832067e-05	0.00970454670319078	4.09539462788446	up	17756
Oas1g	1860.15137461632	-2.75569019708302	0.777019526435002	-3.54648770504679	0.000390402959191711	0.0279696927900917	3.40848689911047	down	23960
Gm2237	132.864857829626	2.750339288351	0.501415333449955	5.48515193866823	4.13114192364768e-08	3.4305378092327e-05	7.38392988476239	up	100039441
Arsi	694.902380262334	-2.74888915527098	0.635276535882947	-4.32707490360935	1.51102587976946e-05	0.00281682977525594	4.82072809731232	down	545260
Hcar2	125.359278907583	-2.74594618825766	0.694362652697626	-3.95462828766718	7.66537331115213e-05	0.00939857080680793	4.11546668972996	down	80885
Rtl4	63.1366163930351	-2.7446170227343	0.828137826418223	-3.31420318596609	0.00091904696361374	0.0470937589308663	3.03666229545049	down	619287
Papln	1143.46083390036	-2.73511782813575	0.728871819308255	-3.75253611908271	0.000175054600607266	0.0164003717871495	3.75682647106236	down	170721
Akr1c14	14447.8006421002	-2.72350876827658	0.69161780739012	-3.93788121007754	8.2204270317511e-05	0.00980979574778462	4.08510562130229	down	105387
Lif	1002.58539212619	-2.72234517340088	0.746363419049127	-3.64747936986137	0.000264825567248381	0.0221931114131224	3.57704008879852	down	16878
Cxcl1	64.2242297080234	-2.72072992542996	0.756769695194257	-3.59518879086665	0.000324156420198654	0.0244066117499607	3.48924537239754	down	14825
Gm3336	575.568749983469	-2.71878842424864	0.69801898003251	-3.89500644254976	9.81961197383203e-05	0.011142514978257	4.00790567320623	down	100502950
Slc16a11	407.477502244125	2.70467418863056	0.781746846148467	3.45978266744027	0.000540611530259592	0.0332539799539141	3.26711469582798	up	216867
Oas1h	110.759366015646	-2.69127359758804	0.815323588102327	-3.30086561564102	0.000963870375178299	0.0482000927733807	3.01598136768432	down	246729
AA536875	94.9109726766098	-2.69043481553185	0.743100080187471	-3.62055514090795	0.000293971589528068	0.0233641773415069	3.53169463934086	down	380934
Muc13	75.783996575633	-2.66542394010739	0.747139231718846	-3.56750633208672	0.000360394672898217	0.0263096855110459	3.44322163708256	down	17063
Ncoa7	12077.3082362656	-2.66036914555917	0.710869035081407	-3.74241810273043	0.00018225794089794	0.0168782121475213	3.73931354057911	down	211329
Fbln2	7701.08793460543	-2.65878034823557	0.643223436525767	-4.13352529969431	3.57240950618715e-05	0.00557814951013104	4.44703876364583	down	14115
Gm43055	78.5750172110362	-2.65322780930487	0.752828239320302	-3.52434681740999	0.00042452819630949	0.0293776727968866	3.37209345949553	down	NA
Adamts4	1618.40032385733	-2.64716376551737	0.488768034064959	-5.41599200647715	6.09498240428212e-08	4.63955139765958e-05	7.21502754381659	down	240913
Adamts2	6140.55609638286	-2.63322606269414	0.546505468413505	-4.81829773879179	1.44788199499553e-06	0.000472345645831668	5.83926683248325	down	216725
Irgm2	1872.44394902702	-2.61936673039085	0.725331773954497	-3.61126704281836	0.000304704713115751	0.0235875017114901	3.51612082813921	down	54396
Cys1	190.695739678416	2.60624967293421	0.705929616303212	3.69193983754716	0.000222550116310608	0.0196860066180632	3.65257217440756	up	12879
Nkd2	1523.2221780316	2.60181229284031	0.687167016727609	3.78628809227562	0.000152914381147058	0.0150193162858903	3.81555166855034	up	72293
Gm28153	325.077570675507	2.60051794853166	0.765482511891218	3.39722711901904	0.000680724431062658	0.0381477135922813	3.16702866237425	up	105243868
Fam13a	599.166670672679	2.59219078512685	0.740820722859228	3.49907974377685	0.000466866930660489	0.0313573233685164	3.33080688713216	up	58909
Ngfr	4673.28556159626	-2.59075900869514	0.768693611601151	-3.37034023646784	0.000750754254491635	0.0410644595069092	3.12450219799411	down	18053
Gm37459	55.7514374670659	2.58685031568053	0.692284487259048	3.73668681487087	0.000186460928742469	0.0170322735359808	3.7294121569342	up	NA
Ankrd37	252.373652226808	-2.58296693638772	0.697775489757656	-3.70171634616287	0.000214145947852146	0.0190840601039554	3.6692901390685	down	654824
Hoxa11os	773.218981757838	2.57388136934496	0.70446627126056	3.6536616078713	0.000258526941636073	0.0218658735960621	3.58749419147067	up	15397
Gm20186	419.240961959493	-2.5725667296529	0.661858876859841	-3.88688105515533	0.000101540477248044	0.0114044310176588	3.99336079970919	down	100504344
Stat2	4129.87991269935	-2.56232890755739	0.703478979798678	-3.64236740704132	0.000270142132648216	0.0223313421780554	3.56840767590276	down	20847
Adam11	213.528819966236	2.54251578969042	0.738271819462739	3.44387490171395	0.000573440962357788	0.0343481735780801	3.24151128751344	up	11488
Enpp2	1517.09226721297	2.53438151667572	0.696844148844431	3.63694166174525	0.000275894385944115	0.0227041195351939	3.55925713670203	up	18606
Col5a1	14632.2064496318	-2.52935043219665	0.668919916387952	-3.78124551269857	0.000156045687239666	0.0152449126212912	3.80674822977915	down	12831
Tgm2	5067.36768485805	-2.4892490592554	0.644782337050891	-3.86060367385486	0.000113107236815444	0.0124479283697671	3.94650960720127	down	21817
Naip1	3785.82474020414	-2.48897511021238	0.747970505026535	-3.32763804653511	0.000875855825433882	0.0455869232901755	3.05756737713292	down	17940
Oas1a	3426.40330919629	-2.47154886170794	0.749792570946152	-3.29631014960461	0.000979638008245575	0.0483702885746984	3.00893437335225	down	246730
Slc34a2	1080.61548165527	-2.46422283169238	0.517767164851944	-4.75932619712766	1.94240301829e-06	0.000572350979695806	5.71166065575636	down	20531
Dbp	677.046578804013	2.46412651970105	0.503251285893898	4.89641375744159	9.76014531365484e-07	0.000363894070888082	6.01054371630373	up	13170
Cilp	451.664765334039	-2.45904478662644	0.435936230522965	-5.6408360086898	1.69226480630645e-08	1.54579928732063e-05	7.77153167739672	down	214425
Gria4	982.661532965865	2.45627706639258	0.722617523804698	3.39913852830455	0.000675984687202653	0.0379986592323239	3.17006314183752	up	14802
C3	76283.4502723277	-2.44380802269189	0.528425502095568	-4.624697356582	3.75145744742558e-06	0.000926153731175919	5.42579997536417	down	12266
Ifne	372.435344102995	-2.43314501831755	0.661010329179694	-3.68094855845453	0.000232367886561665	0.0202293062050286	3.63382389199918	down	230405
Cyp3a13	73.2712242749558	-2.42993283743218	0.709239296474855	-3.42611139781696	0.000612289208957249	0.0357377366084345	3.21304339454372	down	13113
Hspa1b	1756.12791906903	-2.42824746622702	0.471106395345236	-5.15435046142295	2.54511564452666e-07	0.000109597203169933	6.59429247948096	down	15511
Morrbid	3753.22153759908	-2.42167265527848	0.707610517151991	-3.42232428232595	0.000620882150132934	0.0360091936532653	3.20699082559483	down	100043424
Creb3l1	2079.44677719603	-2.4084492187792	0.700046397787721	-3.44041370170656	0.000580825630634201	0.0345638548731473	3.23595422736754	down	26427
BC022960	42.7789842618409	2.40657419228472	0.684331257483929	3.51668021293216	0.000436979906034857	0.0299127391440263	3.35953853304976	up	NA
Lamc3	311.407877250253	2.40550581525168	0.69167222846503	3.47781176727309	0.000505524786688644	0.0321792067178217	3.29625754539802	up	23928
Ldhb-ps	511.146469439864	2.40330514313258	0.672615934168502	3.57307197324068	0.00035281773640805	0.025990432364672	3.45244959068725	up	433229
Derl3	146.983729690281	2.39830514802443	0.706636242893608	3.39397415876038	0.000688861924086868	0.0383683490583628	3.1618678196258	up	70377
Ms4a6d	661.407481750992	-2.36834667627817	0.710324764323414	-3.33417444418403	0.000855529845145798	0.0449128584510592	3.06776483550214	down	68774
Clstn2	325.924855920316	-2.3596368896705	0.521829245179052	-4.52185635717074	6.12996539458431e-06	0.00133319449754358	5.21254197719178	down	64085
Col3a1	111677.677677366	-2.35066166533684	0.437788013007152	-5.36940618631885	7.89963168072822e-08	5.55070658366246e-05	7.10239315715972	down	12825
Fam71e1	66.0023424369377	2.35019960898274	0.592527095189365	3.96640023395325	7.29662970454618e-05	0.0091302827446818	4.13687769312692	up	NA
Phyhip	245.739003156882	-2.32878046467942	0.70797067987432	-3.28937416602172	0.00100410443375807	0.0487871912242718	2.99822111523268	down	105653
Map1a	1325.00240745041	-2.32744917832377	0.696894582545269	-3.33974353742747	0.000838557901302289	0.044148744377209	3.07646694456904	down	17754
Sp5	62.0177159705975	2.32472799055146	0.60948199152188	3.81426854753592	0.000136586878710347	0.0139309658817614	3.86459101937629	up	64406
Nsg2	236.620574805625	2.3199019345353	0.693803967301645	3.34374267641896	0.000826563664222783	0.0440615503016511	3.08272369024036	up	18197
Fos	1409.29666257823	-2.31095724814104	0.523342270450034	-4.41576646609072	1.00652704720332e-05	0.00197555822298851	4.99717455033983	down	14281
Il18rap	350.724345426162	-2.30721196660081	0.667835682885718	-3.4547599442895	0.000550782985029763	0.0336530245936747	3.25901948457674	down	16174
6330403K07Rik	114.871533827494	2.30678884996445	0.603778168670063	3.82059002736982	0.000133132796866578	0.0138568356577546	3.87571494419766	up	103712
Etv4	91.719388623196	2.3014369126747	0.665075533979507	3.46041433655506	0.000539344806674672	0.0332539799539141	3.26813349871195	up	18612
Degs2	231.254426787807	2.30058051937423	0.635842556160199	3.61816065484394	0.000296704206208857	0.0233641773415069	3.52767629689061	up	70059
Samd9l	15883.0793312911	-2.2883244994783	0.693525491245115	-3.29955355407337	0.000968387486041115	0.0482000927733807	3.01395083135175	down	209086
Ldhb	5493.86993074383	2.28780416551337	0.648892919118489	3.52570369949685	0.000422359225549138	0.0293387098538297	3.37431801512802	up	16832
Plau	2991.18720899387	-2.28701847007415	0.623443316754768	-3.66836632715682	0.000244105263294258	0.0209368969724075	3.61242285640825	down	18792
Gch1	1112.60446207139	-2.27201884034099	0.52569521466799	-4.32193175236703	1.54669035418509e-05	0.00285419051319266	4.81059662290631	down	14528
Gm44764	143.941717410728	2.27007036380063	0.690299444593577	3.28852990043641	0.00100712086166822	0.048803954965031	2.99691840789137	up	108169140
Acot1	932.886613698722	2.25848186098995	0.570498743365497	3.95878498814331	7.53320151548635e-05	0.00936218084941634	4.1230204148994	up	26897
Vwa2	1257.3491793341	2.25847723431484	0.627435877163562	3.59953473576406	0.000318787049580872	0.0241656456796388	3.49649932971572	up	240675
Anxa9	144.260971218717	2.23875517765955	0.660505902056444	3.3894552201416	0.000700316459341489	0.0388877853972938	3.15470566643056	up	71790
Kbtbd11	434.255326674073	2.23327043361018	0.67890217150407	3.28953202294594	0.00100354136475374	0.0487871912242718	2.99846472171755	up	74901
Ybx2	80.0942093925063	2.22490825864349	0.674784986549692	3.29721067153537	0.000976502256624939	0.0483461239194607	3.01032674875234	up	53422
Sytl5	441.150131201275	-2.22435481756263	0.420351638731233	-5.29165254184925	1.21216023953712e-07	7.63619152279439e-05	6.91643996552715	down	236643
Flrt2	2552.89558443372	-2.21366945973259	0.487213465518237	-4.54353094978186	5.53196787533231e-06	0.00127928507739805	5.25712035054509	down	399558
Tbx2	677.408858507627	2.20513989493699	0.661954705865684	3.33125495656561	0.00086455379381459	0.0452565422899678	3.06320797910492	up	21385
Eln	5865.75062766946	-2.20384455856582	0.522609723716357	-4.21699876323376	2.47575332481369e-05	0.00418792013805752	4.60629262904169	down	13717
Nr1d1	802.45717060954	2.20135895836689	0.419555654196345	5.24688187693137	1.54695011116639e-07	8.61339255962995e-05	6.81052369198551	up	217166
Ppp1r3c	1472.27205831615	-2.19590420466603	0.45130817761569	-4.86564240042631	1.14085633248347e-06	0.00039169942569216	5.94276904264412	down	53412
Spon2	5179.38008839756	-2.18457572349943	0.636335853265606	-3.43305459261556	0.000596821913919306	0.034946601107025	3.22415523895444	down	100689
Lrrc10b	252.141793452953	-2.18309261334186	0.627022291535588	-3.4816826176872	0.000498273892280185	0.0319402306598831	3.30253186766678	down	278795
Mab21l3	4437.26138970725	-2.1793247001047	0.52862949650481	-4.12259382897464	3.74629933773012e-05	0.00575135652109172	4.42639752446996	down	242125
Gpr83	790.365127243505	-2.17257959866505	0.598781193954508	-3.62833639499726	0.000285253426956641	0.0229572460663915	3.5447691293833	down	14608
H1f10	43.5715250448976	2.16377451955406	0.651339114344726	3.32203988966777	0.000893619176153548	0.0461173127942067	3.04884752027706	up	243529
Il4ra	6764.994482732	-2.1441262283337	0.568170344390417	-3.77373836826015	0.000160819415303133	0.015545025916259	3.79366152119695	down	16190
Coq8a	423.413665088475	2.14077069668084	0.648771318623449	3.29973079146453	0.000967776157373507	0.0482000927733807	3.01422508159573	up	67426
1700029J07Rik	357.011304929069	2.1376210950579	0.608767391513262	3.51139224087586	0.000445766144306543	0.030174343655619	3.35089291903028	up	NA
Angpt4	114.257695270897	-2.13208354891287	0.544515627290885	-3.91555988855742	9.01946513731021e-05	0.0104288992780709	4.04481921576206	down	11602
Pik3ip1	970.220360404061	2.13010122346108	0.565580235159219	3.76622288234918	0.000165735850644506	0.015852503955102	3.78058353833383	up	216505
Prss23	6769.32714411388	-2.11294220317637	0.609114535833664	-3.4688750290362	0.000522642507567068	0.0325802572848076	3.28179527112789	down	76453
B4galt5	3014.16266089612	-2.10772539979307	0.558333871369943	-3.7750269289977	0.00015999037910354	0.015545025916259	3.79590613251827	down	56336
Cd1d1	456.211454768169	2.08592606659153	0.56080718279217	3.71950668713984	0.000199612262878567	0.0180530516362799	3.69981278200204	up	12479
Fbn1	8006.93237920388	-2.07443831861206	0.464646566092063	-4.46455105879561	8.02368134384036e-06	0.00163022220048443	5.09562632741533	down	14118
Caprin2	682.770657683935	2.07334810560297	0.505868045662224	4.09859472916258	4.15666114576323e-05	0.0061740045731983	4.38125537807339	up	232560
Nxpe3	286.429201406349	2.07168109095541	0.567921335693439	3.6478310652405	0.000264463425720133	0.0221931114131224	3.57763438074117	up	385658
Tmem255a	346.026194319309	-2.05577414686295	0.58289947774738	-3.5268073232927	0.000420602722961391	0.0293387098538297	3.37612792003943	down	245386
Igsf9b	1197.00521279135	-2.05549921111463	0.589424673914732	-3.48729753280058	0.000487928207633867	0.0314980933754881	3.31164407414921	down	235086
Plxnb1	1409.6832867167	2.0236479482218	0.437259995655748	4.62801986993342	3.69178603148053e-06	0.000923907383686546	5.4327634777545	up	235611
Bmpr1b	200.675615231809	2.02185071516518	0.61056665598157	3.31143323232215	0.000928193867571889	0.0473122731152986	3.03236130522154	up	12167
Dio3	155.723024477343	-2.01511653943078	0.559616558041137	-3.60088798388029	0.000317132197486289	0.0241656456796388	3.49875966311083	down	107585
Lox	9150.79657461984	-2.01310847607768	0.45092946021818	-4.46435341595035	8.03109081195461e-06	0.00163022220048443	5.09522546325941	down	16948
AI854703	122.404724390113	1.99200311621045	0.603852853934395	3.29882206108919	0.000970914343456353	0.0482000927733807	3.01281908297062	up	243373
Sparc	56232.3129561243	-1.98278967966666	0.432204738012592	-4.58761671328299	4.48334790562961e-06	0.00107627747647146	5.34839755878475	down	20692
Tmem191c	113.562818830097	1.98026927950385	0.529271765759586	3.74149804998923	0.000182926597252681	0.0168782121475213	3.73772314416667	up	NA
2900052L18Rik	62.5572830222751	1.97409008693405	0.579640719280446	3.40571326559778	0.000659914487517335	0.0375559779802343	3.18051233719361	up	102640779
Cntn1	1066.52689994238	-1.96049180899422	0.514071257268236	-3.8136577007091	0.000136925083979386	0.0139309658817614	3.86351698403604	down	12805
Fbn2	1823.38924208507	-1.9590533276764	0.561161325528943	-3.49106974866777	0.000481090641060388	0.0314980933754881	3.31777309160162	down	14119
Trmt9b	266.500141709325	1.94966178864834	0.547865750646801	3.55864878639813	0.000372767602975	0.0268113832234263	3.4285618389698	up	319582
Avil	367.410553548674	-1.93963004788018	0.551586919096396	-3.51645403603418	0.000437352377044236	0.0299127391440263	3.35916850870786	down	11567
Hdac11	890.833679044201	1.93278976919519	0.537662294022978	3.5948025195023	0.000324637728131832	0.0244066117499607	3.48860100956425	up	232232
Nanos3	61.9038211070363	1.92970885366011	0.582278775120438	3.31406353127155	0.000919506122764362	0.0470937589308663	3.03644537455649	up	244551
Kcnk6	508.286627314145	-1.91799165349328	0.472389831603964	-4.06018827073581	4.90331620934363e-05	0.00698512716778972	4.30951009868837	down	52150
Rragb	238.082562584387	1.91289198794228	0.566810011082069	3.37483804192249	0.000738591437364906	0.0406425511121068	3.13159573151679	up	245670
Qpct	1106.80648618623	-1.8889390242758	0.45015062528336	-4.19623769951838	2.71385427687411e-05	0.00446661295353272	4.56641347592777	down	70536
Socs1	534.993921337714	-1.88351779971962	0.538255602022835	-3.49929994716473	0.000466481504061043	0.0313573233685164	3.33116557130327	down	12703
Clmn	917.339772138444	1.87334352747992	0.558335534949715	3.35522890845312	0.000792993366869368	0.0428615260927115	3.10073044539876	up	94040
Gda	2359.13548146131	-1.87236890536579	0.517267753848986	-3.61972864427273	0.000294912122264648	0.0233641773415069	3.53030737555114	down	14544
Bnc2	994.179295360857	-1.86627432251716	0.555233990900128	-3.36123932090615	0.000775935617892923	0.0421891898907316	3.11017431218744	down	242509
Bst2	7912.63897206988	-1.85843064578056	0.493987313305767	-3.76210197250599	0.000168491320099133	0.0160321246192242	3.77342246707837	down	69550
Id3	1308.49241371423	1.80106226887117	0.535969322310818	3.36038312996337	0.000778344532632535	0.0421945883283792	3.10882812087682	up	15903
Fzd10	358.288902741587	1.80045922992331	0.54716507644034	3.29052292890557	0.00100001351592398	0.0487871912242718	2.99999413014847	up	93897
Pcsk4	153.529176379303	1.79812481360793	0.5461747737761	3.29221505632015	0.000994015691909624	0.0487871912242718	3.00260675961077	up	18551
Ackr3	2342.37792670756	-1.78580273405854	0.483778699228811	-3.69136288328791	0.000223055633583616	0.0196860066180632	3.65158680356614	down	12778
Mmp17	1511.94882445421	-1.77346023485124	0.524580132149264	-3.3807232225612	0.000722953256994895	0.0400231304607265	3.14088978138518	down	23948
Rassf10	93.6893733931182	1.75574068244046	0.492543247147947	3.56464268388007	0.000364352205062927	0.0263096855110459	3.438478597777	up	78748
Gm32014	932.814956816972	-1.72452462191452	0.504684300284258	-3.41703639471885	0.000633068158336046	0.0363651001590768	3.19854952979983	down	102634431
Cbx7	793.615059909423	1.71479355794432	0.518026992541243	3.31023978023267	0.000932160808914149	0.0473122731152986	3.0305091601785	up	52609
Nrep	2169.32028750952	1.70994907540541	0.495944812017758	3.44786160469842	0.000565043482130178	0.0340685787954991	3.24791813037068	up	27528
Plod2	7308.73132288257	-1.67714755155665	0.422572795218634	-3.96889617725844	7.22063310980428e-05	0.00909749974365616	4.14142472153841	down	26432
Nr1d2	3447.09459298439	1.67044846731553	0.468584936912292	3.56487871403387	0.000364024483583255	0.0263096855110459	3.43886940556106	up	353187
Rgs4	1824.22161483303	-1.66170134501437	0.41115467906985	-4.04154793707715	5.30995231768076e-05	0.00734905446149317	4.27490937877938	down	19736
Cyp51	3906.92299029573	-1.65451026569704	0.481329344639666	-3.43737668214609	0.000587378117443488	0.0348402948947243	3.23108223699362	down	13121
Tmem45a	967.209839102383	-1.63967620330271	0.403979329370277	-4.05881213243914	4.93229735970701e-05	0.00698512716778972	4.30695074842121	down	56277
Col5a2	13057.0827104618	-1.63933257275743	0.436199806195432	-3.75821481228021	0.000171129938645489	0.0161153239645074	3.76667400535592	down	12832
Prodh	828.081013382715	1.63182873516726	0.469689311087198	3.47427266630795	0.000512240215549898	0.0322693672340727	3.2905263284334	up	19125
Haus4	670.618027855536	1.62819238299333	0.487305033892832	3.34121806620082	0.000834116822519316	0.044148744377209	3.07877311983893	up	219072
Socs3	1134.42325646822	-1.61722401743082	0.395647415087103	-4.08753843892746	4.35974456669012e-05	0.00636104830248024	4.3605389548889	down	12702
Olfml3	6099.88723489409	-1.56707914255427	0.413114251520438	-3.79333111067156	0.000148639740821173	0.01475814904925	3.82786506061653	down	99543
Cdca7l	601.411955601067	1.56281705575983	0.436147753855506	3.5832284860914	0.000339373502831705	0.025294179336988	3.46932206898122	up	217946
Tmem229a	327.116647006337	-1.52148898283464	0.442949234206023	-3.43490600127545	0.000592759400239784	0.0348863924947416	3.22712155006189	down	319832
Dact2	663.111282584626	1.51273126581487	0.452205664484826	3.34522847593748	0.000822148142479225	0.044046405908953	3.08504992009444	up	240025
Spry1	593.064281335796	1.50262059115981	0.430569188668367	3.48984699951943	0.000483297160845223	0.0314980933754881	3.31578575613957	up	24063
Mn1	509.369150785692	-1.49128892975922	0.432769946791466	-3.44591610580993	0.000569127015739232	0.0342019126662501	3.24479079849289	down	433938
Tmem44	536.248836539099	1.48436465954551	0.435963163111992	3.40479376502781	0.00066214039331481	0.0375559779802343	3.17904991754289	up	224090
Septin4	818.352399427124	1.46250223103019	0.379819512487112	3.85051895162921	0.000117867808630595	0.0128174225944782	3.92860479069002	up	18952
Heatr5a	3151.79107415333	-1.43193583453589	0.39772998576646	-3.60027125381665	0.000317885380880934	0.0241656456796388	3.49772944424229	down	320487
Bcl7a	976.525248155277	1.28723215089908	0.386729078736037	3.3285114093468	0.000873114286735388	0.0455740711553395	3.05892890537811	up	77045
