geneID	baseMean	log2FoldChange	lfcSE	stat	pvalue	padj	-log10(P.Value)	trend	ENTREZID
Cyp1a1	109936.227456158	12.1389945253476	0.224060339770719	54.1773458782106	0	0	Inf	up	13076
Nptx1	2198.15111177028	11.0991980371465	0.911981807972154	12.1704160544893	4.46799270055347e-34	3.55897958562587e-31	33.3498875450712	up	18164
Cyp1b1	3622.11944268158	9.33501634244689	0.487488986205345	19.1491840976992	9.83150099202812e-82	2.61042737173333e-78	81.0073801726265	up	13078
Ovol1	34.2974777614008	8.52797719861536	1.02230469149591	8.34191339387924	7.30979834770394e-17	1.55269863303029e-14	16.1360946035739	up	18426
Gm11762	32.7712181120546	8.46200580721832	1.02651566600366	8.24342587986198	1.67348606345133e-16	3.2512568874199e-14	15.7763779000325	up	100503830
Ahrr	607.830499123942	8.3943746762218	0.403752026845159	20.7909164984603	5.23023801228989e-96	2.08307304434475e-92	95.2814785472566	up	11624
Col9a2	69.1368764384927	8.37894807737393	1.00991363130927	8.29669767553417	1.07045333536315e-16	2.18633231867568e-14	15.9704322603042	up	12840
Mroh9	27.4728183676285	8.20965253159734	1.04405057992116	7.86327088886563	3.74230508064249e-15	6.08353696323627e-13	14.4268608107861	up	78258
Adra2a	23.166483193037	7.96202202081158	1.00956276919639	7.88660424467647	3.10520176786137e-15	5.20725993303153e-13	14.5079101752549	up	11551
Fmo3	2629.68075196281	7.80562941254392	0.855447478550255	9.12461560559192	7.19912810957984e-20	2.20556365218685e-17	19.1427200980308	up	14262
A530058N18Rik	19.4260141230372	7.70738168861604	1.00408323802463	7.67603859594255	1.6408370776198e-14	2.36407062944897e-12	13.7849345388758	up	NA
Igkv6-32	15.6618343142488	7.39804962421537	1.07564521780541	6.87777856653261	6.07930668028906e-12	6.49996206199229e-10	11.2161459473874	up	434039
Slc2a4	14.5509300005839	-7.34460476669033	2.15353475764927	-3.41048814773134	0.000648467025052471	0.00865496075804	3.18811210316025	down	20528
Hmx1	33.3995995248329	7.32301696425578	1.09454227440975	6.69048344268367	2.22434526722458e-11	2.08447320306793e-09	10.6527977998183	up	15371
4632432E15Rik	14.4487443282944	7.28006571551263	1.14640718099068	6.35033157173829	2.14851330488528e-10	1.71999826432801e-08	9.66786195255938	up	74046
Gm4319	9.31983063555007	6.64977577836397	1.38783536376152	4.79147307526503	1.65561240977503e-06	5.88868540481857e-05	5.78104132697011	up	100043255
Adra2c	37.9967923718558	6.54774915870487	0.831847803132266	7.8713307098363	3.50888721327797e-15	5.82292522861785e-13	14.4548305911571	up	11553
1810058N15Rik	8.44736710729992	6.5046154930941	1.25802688396096	5.17049005551773	2.33480898871002e-07	1.04482702244773e-05	6.63174864338156	up	76513
Smcp	7.01578618897012	6.23663039100483	1.20840008578724	5.16106417432256	2.45549980112437e-07	1.08662687032534e-05	6.60986009670672	up	17235
Cyfip2	2391.98111080386	6.2306089922036	0.168229283979877	37.0364115260032	2.97194897790621e-300	2.36730595835119e-296	299.526958650767	up	76884
Gm41333	232.885679516682	6.22656367058239	0.396774560523236	15.6929508342755	1.69012757096585e-55	2.24378519442142e-52	54.7720805135665	up	105245962
Gm37273	5.41813922958632	5.86843201215752	1.33431621358858	4.39808191820937	1.09211760575071e-05	0.000302057735715531	4.96173059168768	up	NA
Siglecf	20.2486883520936	5.5919042050212	0.868827292768885	6.43615163975827	1.22540614254556e-10	1.02209137470645e-08	9.9117199470276	up	233186
Insl6	112.07507428876	5.51748251182127	0.367795785952992	15.0014837650327	7.17961994147544e-51	8.16989466340323e-48	50.1438985448508	up	27356
Duox1	4.06161807608197	5.44847507383507	1.52678884209171	3.56858455054637	0.000358915030458752	0.00538913793613419	3.44500835412535	up	99439
Duoxa1	4.03949820527787	5.44390964000845	1.35204101203293	4.02643824525927	5.66281029446014e-05	0.00118103064122704	4.24696798710191	up	213696
A4gnt	17.0177229298385	5.38771911709424	0.898306579174003	5.99763960545438	2.00206229619184e-09	1.38673280176662e-07	8.6985224131347	up	333424
Apol11b	3.76514469976961	5.33903026214572	1.561034237515	3.42018780487793	0.000625779175362936	0.00847008329881642	3.20357889337175	up	328563
Corin	20.361296092401	5.33449416704466	0.796674629781336	6.69595085324711	2.14273733685178e-11	2.01987861025951e-09	10.6690310628113	up	53419
Gm49742	3.63853151178645	5.29300848526934	1.60371124744997	3.30047475422128	0.000965213971642872	0.011929265928815	3.01537640022835	up	NA
Gm13358	3.62741943833713	5.28599374257312	1.41121003798443	3.74571722160005	0.00017987912242545	0.00307171790480543	3.74501923988725	up	NA
Prkg2	8.04137133966953	5.2375803241084	1.19539715328469	4.38145624633344	1.1788871964026e-05	0.000323250463440445	4.92852774903863	up	19092
Ecel1	3.49161353732906	5.23239391589616	1.3861290176284	3.77482460099459	0.000160120286497388	0.00278479943688853	3.79555364149896	up	13599
Gm19596	3.46010138278363	5.22003394574656	1.58803869983536	3.28709492173442	0.00101226706666925	0.0124336365760276	2.99470489235871	up	100503219
Gm33432	3.21099841336205	-5.16478434551394	1.86060446754307	-2.77586366990403	0.00550552886379505	0.04715515071458	2.25920095614803	down	102636334
Pkp1	55.1180261749614	5.15326914994566	1.24412805321916	4.14207294547507	3.44180832022639e-05	0.000787871836162257	4.46321331988468	up	18772
Gm43684	3.16487044211852	5.08793674450054	1.46432314421327	3.47459969106349	0.0005116162179832	0.00718744088949767	3.29105569705309	up	NA
Gm33466	7.14480235600086	5.05740050880469	1.27940731458657	3.95292449179014	7.72018046022382e-05	0.00151500962225727	4.11237254785553	up	102636386
Fabp12	143.689800940307	4.97877922761432	0.314151601729765	15.8483330984163	1.44359427375728e-56	2.09071821592974e-53	55.8405548493062	up	75497
Stat4	4.41497616271392	4.9579629017249	1.68912115763234	2.93523225336574	0.00333298114232557	0.0319288770766017	2.47716714352732	up	20849
Ism2	132.326565338991	4.90260782474072	0.916215407147288	5.35093361942624	8.75016170240829e-08	4.43945305990658e-06	7.05798392117029	up	217738
Apol7c	66.1280471608764	4.81281141656146	0.507715429853717	9.47934833878917	2.55875995301491e-21	9.47990809569314e-19	20.5919704550159	up	108956
Gm31479	5.78298169974975	4.77952654856956	1.29011297181964	3.70473489761775	0.000211611930789179	0.00349346079730819	3.67445985020096	up	102633721
Ccr1	10.1975424611351	4.77775609130879	1.21032359693212	3.94750305077026	7.89705120831448e-05	0.00154169178696913	4.10253504580151	up	12768
Gm48370	5.80534885308748	4.75426397486308	1.24497051726159	3.81877635570073	0.000134115281362226	0.00243347442754172	3.87252173495092	up	NA
Gm29685	7.9222367618526	4.7515003049546	1.39696594373803	3.4013000290046	0.000670661761161576	0.00886664939175524	3.17349645493853	up	628877
Cdk15	99.0070709721891	4.71158571370392	0.380340616991195	12.3878058330357	3.04254422310568e-35	2.55109326412087e-32	34.5167631006209	up	271697
Gprin2	5.29284064113576	4.61198511386251	1.24885258516727	3.69297799327114	0.000221643210000532	0.00361963784960894	3.65434556869341	up	432839
Tinag	3.40758712151787	4.57587968980122	1.56428637547156	2.92521865660424	0.00344214268831475	0.0327971143346545	2.46317113067804	up	26944
Amn	41.6614265697052	4.54095237339067	0.544335870928852	8.34218837285519	7.29281576386801e-17	1.55269863303029e-14	16.1371047577446	up	93835
Kif14	5.02828226596735	4.54066883244843	1.22813525137228	3.69720584713681	0.000217985578872392	0.00357276569651859	3.66157223677754	up	381293
4930503O07Rik	38.579789836529	4.51926739587623	0.690745719891864	6.54259196362985	6.04616318052195e-11	5.29238602356567e-09	10.2185201357814	up	74942
Acod1	9.20887785576248	4.50021952829178	1.100985049635	4.08744835343923	4.36143728684743e-05	0.00096235536588319	4.36037036786817	up	16365
Myo1h	4.54255682841899	4.38399661336172	1.50768995529123	2.9077573926762	0.0036403063010954	0.0342347813947762	2.438862072593	up	231646
Gm28548	8.92818366860668	4.37480051133032	1.35678793110443	3.22438047320277	0.00126245545863617	0.014755816516165	2.89878393551407	up	102636046
Tuba8	624.936519760759	4.30566273143072	0.463029125381639	9.29890258605632	1.41902698580979e-20	4.52130378218715e-18	19.8480093454327	up	53857
Osbpl3	383.887961502666	4.26778148504458	0.328164921201629	13.0049898978155	1.14614056596098e-38	1.14119783477028e-35	37.9407621159833	up	71720
Hyal4	4.2137365998053	4.26646916777793	1.36753470394212	3.11982515359883	0.0018095841841144	0.0197671185809974	2.74242120816456	up	77042
Cyp1a2	316467.341975277	4.22480216146539	0.150580200181762	28.0568239142047	3.29777315901133e-173	1.75122747320698e-169	172.481779221092	up	13077
Ptprh	3.9223684311233	4.16201304695727	1.50489780242525	2.76564497619033	0.0056810346439885	0.0481919930316192	2.24557256230747	up	545902
Gpr176	6.80427953531102	4.16028018025153	1.18184770213519	3.52014914674313	0.000431304194194978	0.00623512442624337	3.36521631855964	up	381413
Gm8221	15.5243768811833	4.0488885408497	0.766914524791409	5.2794521553115	1.29570705814463e-07	6.18021231835392e-06	6.8874931754808	up	666661
Slc6a19	12.3675182872763	4.03482393748554	0.897006085136877	4.49810096535728	6.85631370146276e-06	0.000201156415429104	5.16390932006714	up	74338
Zfp286	3.42649460228788	3.99730300546638	1.38582855671026	2.88441379426858	0.0039214310597795	0.0364695377777859	2.40655541564574	up	192651
Ffar1	5.2902571766082	3.99343769148714	1.32301660828207	3.01843353022801	0.00254085133792559	0.0257495564023489	2.59502074424019	up	233081
Apol10b	72.4273540154591	3.9591483010361	0.873619829172571	4.53188923697613	5.84585014134365e-06	0.000176445579201598	5.23315232199632	up	328561
Gm454	6.63802059210422	3.94760060348535	1.19834334219291	3.29421499205848	0.000986969776893554	0.0121447667382809	3.00569614614427	up	243303
Hrk	64.8359429212454	3.92026698556311	0.544132211441113	7.20462215456871	5.82050228534095e-13	7.02472893240657e-11	12.2350395359104	up	12123
Klra7	6.68101650064905	3.9082099249378	1.1831586629421	3.3032001939786	0.000955881205658274	0.0118599248343785	3.01959607731888	up	16638
Gm12153	5.56677054819661	3.86417796561148	1.23168953448721	3.1372986920931	0.00170512321311103	0.0189166559248411	2.76824423318714	up	102638460
Gm2693	3.17947852066364	3.84128664863086	1.35408698577041	2.83680936970629	0.00455668092438794	0.0406776420963749	2.34135138125499	up	100040291
Sorcs3	24.6894377447444	3.80645444006882	0.694738432624994	5.4789749081342	4.27797017575038e-08	2.33398434485888e-06	7.36876224747655	up	66673
Ccl22	12.5073489184888	3.77421141160581	0.86548508634907	4.36080467605375	1.29585005685293e-05	0.000348669761463381	4.88744524788574	up	20299
Serpine1	76.2664115217693	3.74950670766086	0.736892041508575	5.08827141080913	3.61341984238508e-07	1.52693346177816e-05	6.44208157492853	up	18787
Depdc1b	4.58295768072473	3.72504362178006	1.32471260464236	2.8119635977841	0.00492400755915384	0.0432915918459602	2.30768128902742	up	218581
Miox	5.94476078076563	3.70799803006724	1.26559651606565	2.92984215980167	0.00339134218768658	0.032410001434934	2.46962838753645	up	56727
Adamts17	39.5934642256285	3.68133179976773	0.45975552252876	8.00715079945005	1.17396503715292e-15	2.03287358770469e-13	14.9303448369876	up	233332
Lmntd1	5.23176396681085	3.66807052315763	1.17551688048782	3.12038949337372	0.00180612050824169	0.0197618858631857	2.74325327599463	up	74071
Gm13067	6.42675184148175	3.66642754170909	1.05897725274418	3.46223446462904	0.000535710243223026	0.00745603416414346	3.27107004947798	up	102636131
Il1r2	4.13760202219489	3.60341812152586	1.265233060468	2.84802716125122	0.00439911699203972	0.0395945383051891	2.35663448805231	up	16178
Apobec2	4.91789312995826	-3.54983464273551	1.19946205336749	-2.95952225647269	0.00308116444858683	0.0300588063872852	2.51128512180384	down	11811
Tnfaip8l3	146.58255130061	3.52403127404422	0.403844929344682	8.72619913728432	2.63374749884974e-18	6.55597365690238e-16	17.5794258638134	up	244882
Dio3os	16.8134641277002	-3.50453852907997	0.742533411735745	-4.7197048290228	2.36187113814157e-06	7.95496175512334e-05	5.62674380084642	down	353504
Alk	17.2863162947914	3.46045274731425	0.696826904138636	4.96601484064654	6.83427271805874e-07	2.69497026414341e-05	6.16530769489856	up	11682
Stxbp5l	6.90051476968403	-3.44227796553428	1.00126571475893	-3.43792653118364	0.000586186718424749	0.00802589365510818	3.23196402585014	down	207227
Ttc39aos1	32.9398525414099	3.34849492294795	0.562367950438927	5.95427765813193	2.61222992267093e-09	1.78607016729917e-07	8.58298860007972	up	102635290
Tff3	21.3538806930748	-3.32587790883876	0.722437135588305	-4.60369178853242	4.1506660050671e-06	0.000129910137773525	5.38188221193398	down	21786
Pnliprp1	17.6109427123701	3.30980198097664	0.877123678194506	3.77347238851153	0.00016099104433607	0.00279689021517768	3.79319828237563	up	18946
Hcn3	248.786948652051	-3.30572169360226	0.604989482297416	-5.46409779067391	4.65267010557813e-08	2.52114583169949e-06	7.33229773973112	down	15168
Gm49012	63.4709487325803	-3.2660461131684	0.52798120809407	-6.18591355733723	6.17438370864044e-10	4.61803318602586e-08	9.20940638467461	down	NA
Cyp2b13	73.1124388005319	3.25030476088203	0.473843544997268	6.85944716393841	6.91275397611677e-12	7.19784860088342e-10	11.1603488993184	up	13089
A230103J11Rik	6.40491088409104	3.21380069248491	1.04888565183065	3.06401435359115	0.0021838843176958	0.0229041876663672	2.66077037032489	up	320466
Spin4	9.84804123593416	-3.21349504640714	0.993691939459366	-3.23389464963909	0.00122114491629269	0.0143678431768529	2.9132327941946	down	270624
Car11	15.5543248539078	-3.20621504011268	0.734824233243755	-4.36324075209033	1.28149781647484e-05	0.000345440638143159	4.89228212946704	down	12348
Fgf21	107.698348675171	3.19181251621906	0.472216653441239	6.75921209673354	1.38744163632658e-11	1.36440325359992e-09	10.857785276713	up	56636
Pmm1	539.779000802183	3.16175784676342	0.190909274433824	16.56157280017	1.32095400428913e-61	2.33823536025891e-58	60.8791123042865	up	29858
Pcp4l1	1063.52112761427	3.14943008919105	0.175289035687216	17.9670683727809	3.52876420650666e-72	8.0309632248368e-69	71.4523773604086	up	66425
Gm26756	6.90718949206004	3.14177365224118	0.904658081951384	3.47288518714634	0.000514895569822262	0.0072207758123578	3.28828084484012	up	102636275
Bnip5	18.404696328087	3.12998618024756	0.627613853992066	4.98712091891956	6.12857109734552e-07	2.43476972947161e-05	6.21264077130149	up	207819
Tent5b	15.9966887259316	3.11117856568504	0.912492364185142	3.40953928799539	0.000650727044128106	0.00867508999163586	3.18660114367103	up	100342
H2-Q1	190.120535660315	-3.10419938827596	0.361404413728326	-8.58926806192642	8.75250991084147e-18	1.99194621985165e-15	17.0578673887924	down	15006
Cdh18	362.45172368863	3.08944996874132	0.319078901565002	9.68240129193233	3.5820207559014e-22	1.50171507005961e-19	21.4458719019746	up	320865
Cyp4a14	12818.2017245378	-3.07543369934918	0.690167881609854	-4.4560660982594	8.34773037110554e-06	0.000240049986538055	5.07843158694632	down	13119
Gm26542	7.19215682355121	-3.07500113903373	1.00218025686183	-3.06831143197992	0.00215272141738046	0.0226818815478095	2.66701216837554	down	NA
Ppp2r2b	10.9668405188762	-3.05975416450226	0.758739558238993	-4.03268042542007	5.5144247171465e-05	0.00115897493626466	4.25849978788391	down	72930
Gm30692	7.25684041144959	-3.059364814561	0.947350744402225	-3.22938978265273	0.00124054688556461	0.0145317297308308	2.90638681723845	down	102632684
Gm15889	6.26054471588402	-3.0539590827893	1.05774766895285	-2.88722837443135	0.00388652020565551	0.0362294636607946	2.41043907009618	down	115486954
Smim17	5.36003204093816	-3.04386347243417	0.95233439334566	-3.19621289927452	0.00139244325723387	0.0160332451028071	2.85622249351317	down	100042450
Gm36283	62.5857610796496	3.0103249202509	0.850617907192641	3.53898606506663	0.000401667055538138	0.00590309765846686	3.39613378734906	up	102640148
Fgf9	16.9749568466001	3.00588597330815	0.706297410402679	4.25583603880753	2.08269296472063e-05	0.000512027494150685	4.68137475000233	up	14180
Pls1	157.486143838607	2.99324338248908	0.310230467863292	9.64845072473056	4.9903942301149e-22	1.98754926199901e-19	21.3018651447172	up	102502
Mup-ps10	28.3800206065944	2.97610800946429	0.448600297413936	6.6342087301787	3.26247888305243e-11	2.98704316585679e-09	10.4864522906892	up	108168721
Gm13420	8.38339156602908	-2.92843726943768	0.832110343297732	-3.51928959064732	0.00043270411108289	0.00624969101873211	3.36380897858881	down	NA
Slfn4	22.8793634498405	2.92158992744046	0.843920009826974	3.46192754457791	0.000536321519373684	0.00745603416414346	3.27057477704822	up	20558
Acpp	655.923158948034	2.91198533207411	0.397351644172798	7.32848441620583	2.32770022963913e-13	2.89707752799852e-11	12.633072950567	up	NA
Gm28863	16.934564513418	2.88514534980173	0.690354159310708	4.17922498313393	2.92504206463819e-05	0.000681269665668875	4.53386788400611	up	115486471
Gm45330	5.67851154197504	2.87373738246236	0.933221275568118	3.07937405382546	0.00207436056842025	0.0218996939797899	2.68311575167655	up	NA
Mfge8	1512.90250011624	2.85891607519521	0.212687928221235	13.4418351765663	3.43803174560877e-41	3.65141891595289e-38	40.4636901175038	up	17304
Sun3	30.8126256081242	2.82038616917218	0.491789083800589	5.73495073818229	9.75406920129972e-09	5.98357570443956e-07	8.01081416758431	up	194974
Mup-ps20	34.1416554812901	-2.81792087940028	0.75104512230935	-3.75199944143915	0.000175429855293549	0.00300836708792414	3.75589649485891	down	NA
Gm45425	19.9921919010894	-2.78872203749329	0.606342644823654	-4.59925103619316	4.24012586299371e-06	0.000132449892398731	5.37262125171096	down	NA
Aldh3b3	7.5963014223665	2.76942549295101	0.865643146804071	3.19926924065147	0.00137776434218068	0.0159234312338955	2.86082505938251	up	73458
Gm32468	26.8050730478146	-2.75801356186827	0.855280654105341	-3.22468835069498	0.00126109869857601	0.0147507807393645	2.89925092249153	down	102635028
6030407O03Rik	5.10884573632844	2.74373258798351	0.96706599722487	2.83717201913523	0.00455150826371536	0.040667458300196	2.3418446644273	up	109198
Gm48236	8.30540521222677	2.7363141881066	0.738929976795177	3.7030764403067	0.000213000667678453	0.00350911441239446	3.67161903520627	up	NA
Slamf8	38.0689683222904	2.73262881973316	0.462657618873745	5.90637375946654	3.49720053581696e-09	2.3117801550249e-07	8.45627946374403	up	74748
Ttc39a	124.397198694326	2.720509368017	0.383059050585203	7.10206262940623	1.22908504524819e-12	1.4292375077262e-10	11.9104180655235	up	230603
Slc1a3	9.61627827084874	2.70274599988911	0.911676708208041	2.96458818740859	0.00303088358351505	0.0296590948212397	2.51843074459839	up	20512
Trgc2	10.0211860786751	2.69713676263237	0.971859103216062	2.77523434591192	0.00551619441277173	0.0471737698468006	2.25836043595049	up	107574
Serpina7	775.655001506772	-2.60295956618353	0.386487910724758	-6.73490552732257	1.64036480744731e-11	1.57425612936404e-09	10.7850595566824	down	331535
Rtn4rl2	26.7885178073639	2.60223849190947	0.784600069195235	3.31664320980571	0.000911058817363497	0.0114194162229881	3.0404535843532	up	269295
1810053B23Rik	6.79912739714678	-2.60050748188258	0.858414469699805	-3.02943108914741	0.00245014792431841	0.0251018048760878	2.61080769491061	down	69857
Nxph1	103.479549911217	-2.56611217022751	0.637072500200861	-4.0279751039614	5.62592992784506e-05	0.00117742644496603	4.24980568136736	down	18231
Gm13021	74.3271756630551	-2.55830180892023	0.393189115560299	-6.50654280008393	7.69000002049897e-11	6.65811903948745e-09	10.1140736590409	down	102637389
BC035044	11.8014584799822	2.55813202749816	0.755538549952075	3.38583918406337	0.000709609550806397	0.00927382260368885	3.14898054786263	up	232406
Fcor	25.8440948706275	2.5564877355535	0.519486912214016	4.921178330861	8.60246999204546e-07	3.29437378469414e-05	6.06537683365173	up	100503924
Irx1	16.348535356153	-2.549407596876	0.608959685771184	-4.18649650616434	2.83293292118883e-05	0.000664675322053893	4.54776370867845	down	16371
Ubd	36.6221947860069	2.51868810143275	0.609709354075588	4.1309651633137	3.6124332833491e-05	0.00082096540138423	4.44220016498028	up	24108
Rmi2	13.3702263227432	2.51864299881912	0.743782488246468	3.38626283707895	0.000708514881008657	0.00926711869404673	3.14965102379044	up	223970
Gm11992	98.2208226608291	2.49393216441867	0.362138640715317	6.88667787423211	5.71103401332439e-12	6.18928454872591e-10	11.2432852532908	up	626870
Prag1	149.448624051901	2.49271797644213	0.274403083798541	9.0841470946158	1.04514877374712e-19	3.14155945557836e-17	18.9808218846548	up	244418
Slc30a3	11.633022428015	-2.49163772017444	0.724486056296464	-3.43917967574361	0.000583479837688227	0.00799949853202335	3.23397414652869	down	22784
Uap1l1	387.760736544257	2.46874668466992	0.243782869645638	10.126825926114	4.20064123772475e-24	2.15872308252236e-21	23.3766844084715	up	227620
Entpd2	166.234818384897	2.45228837388532	0.258240378276361	9.49614614977427	2.17801998960871e-21	8.26143725106105e-19	20.6619381386588	up	12496
Cyp2c69	93.3493375666377	-2.45060239264707	0.671682941130671	-3.64845114053645	0.000263826063399558	0.00419044169094553	3.57868230268094	down	100043108
Cyp2j11	12.4373387809848	2.42750930243368	0.577991449067946	4.19990521719347	2.6702673834898e-05	0.000633979578038391	4.57344524898746	up	100066
Vtcn1	129.911201182199	2.40639517841848	0.31351459797156	7.67554427764405	1.64717745194172e-14	2.36407062944897e-12	13.7832596113659	up	242122
Mab21l3	19.754197911982	2.4036515949077	0.584372232211148	4.11322007175592	3.90178098591371e-05	0.000879197636302564	4.40873711199907	up	242125
Ripply1	48.2674056488466	2.3900385268838	0.429127531814554	5.56952968451497	2.5542787176054e-08	1.44298632092807e-06	7.59273171517218	up	622473
Atp10a	36.8671273906912	2.38048583375448	0.436660799923226	5.45156751916595	4.99277582399214e-08	2.67811150343498e-06	7.30165793336185	up	11982
Gm35986	81.8483136305961	-2.33376728444287	0.376344965490697	-6.20113857880358	5.60561263184572e-10	4.23237037146608e-08	9.25137691686193	down	102639747
Gm46516	28.6478136787507	-2.32801053887949	0.698809467325036	-3.33139524825108	0.000864118150340676	0.0108824239154761	3.06342687264507	down	108168241
Gm18782	6.13979058964103	2.32225898437426	0.822076409823274	2.82486999581157	0.00472998030067443	0.0419095195606475	2.32514066799923	up	100417720
Frem2	12.6950560484044	2.31279799648062	0.735787190468112	3.14329744584056	0.00167055989426045	0.0186109718010232	2.77713794907074	up	242022
Cela1	691.357250817472	-2.31115594295379	0.215233641560275	-10.7378936034335	6.75683988898565e-27	4.30572865085722e-24	26.1702563720553	down	109901
Gm3776	252.401203428049	2.3074592402471	0.266504730960222	8.65822993810758	4.79146252867195e-18	1.17435060837343e-15	17.3195319038748	up	NA
Slc13a2	14.8872143881391	-2.30735301771373	0.641993534512895	-3.59404401083947	0.000325584803927077	0.00496889720167029	3.48733587320736	down	20500
Gpr141	15.1053971480718	2.30505938476512	0.829534880373228	2.77873714451648	0.00545706640639803	0.0467903793973773	2.26304076130633	up	353346
Gbp2b	214.061875100073	2.30234698201085	0.334523309401462	6.8824710186273	5.88231352679087e-12	6.33183356725036e-10	11.2304518313546	up	14468
H2-Eb1	1196.15730885238	2.29591399969255	0.229882179504868	9.98735093184521	1.73147110213922e-23	7.88116175090853e-21	22.7615847523306	up	14969
St6galnac2	12.6266396455952	2.29528032958848	0.671957082438057	3.41581388094092	0.000635916945770922	0.00857089074710369	3.19659960188107	up	20446
Slc46a3	6496.80069831595	2.2945751798085	0.129021265296311	17.7844727730639	9.32362507987427e-71	1.85668338934346e-67	70.0304151985808	up	71706
2010003K11Rik	519.039768188209	2.2938599464775	0.207202551720098	11.0706163000163	1.74198442714634e-28	1.15631474620285e-25	27.7589557317822	up	69861
Itk	43.2057218631398	2.29336495684333	0.565715589436105	4.05391861152228	5.03667459351837e-05	0.00107940330262727	4.29785610687596	up	16428
Tiparp	511.705375715529	2.29155433838563	0.256327770714436	8.93993784597986	3.89389318880807e-19	1.06954504122244e-16	18.40961596554	up	99929
Tmem150b	6.94810980293845	2.28125594475742	0.809740446013988	2.8172681208986	0.00484340739400922	0.0427244314473759	2.31484899956198	up	330460
Cd36	3441.33001878451	2.27594759236701	0.231409744334172	9.83514155341872	7.94557907985965e-23	3.51613945336789e-20	22.0998744455903	up	12491
Pvt1	380.803325425191	2.27551348028699	0.225894905281027	10.0733280259513	7.24830607392116e-24	3.49917466859509e-21	23.1397634760089	up	19296
Adcy1	115.404946682614	2.26634337361372	0.672824227593786	3.36840333725618	0.00075604903102814	0.00973976028575928	3.12145003887118	up	432530
Htatip2	5335.93790561304	2.24279154046137	0.113531558643008	19.754785077105	7.29656021610114e-87	2.32483001605415e-83	86.1368818290901	up	53415
Ucp2	2301.24636881127	2.24064197952638	0.137088191763952	16.3445293915939	4.75830522286512e-60	7.58045605054642e-57	59.3225477034601	up	22228
Gvin1	32.084106230121	2.22637181794938	0.649384049743367	3.4284362525215	0.000607069086011114	0.00825291861732975	3.21676188229197	up	74558
Col4a3	16.6961628147322	2.20351675677579	0.628082006712396	3.50832651345925	0.000450935235076809	0.00647777207394829	3.34588582856222	up	12828
Ptger3	44.8909213308034	2.201057751519	0.463638380473849	4.74735881285209	2.06090154773641e-06	7.01543217029674e-05	5.68594275460414	up	19218
Myc	346.164798580664	2.19829184055472	0.520339343342133	4.22472732204933	2.39230263178858e-05	0.00058052029889054	4.62118388195691	up	17869
H2-Ab1	1718.5996030381	2.1912121661833	0.248521026880938	8.817009142784	1.17557645987857e-18	3.07018173480747e-16	17.9297491189649	up	14961
Ppm1j	12.4993656756723	2.18164155187731	0.592514662014473	3.68200433126838	0.000231407478359146	0.0037503077698266	3.6356226101309	up	71887
Serpinb1a	96.6678914980499	-2.18084794119423	0.343613284076496	-6.34680916675133	2.19826532266055e-10	1.75102824276526e-08	9.65791989097836	down	66222
Ccno	51.8723898176884	2.17558685219727	0.442780800701648	4.91346248245125	8.94818620874477e-07	3.41037211702184e-05	6.0482649869593	up	218630
Tnc	52.6609796153556	2.17453297049907	0.415362468654335	5.23526590532839	1.647475100949e-07	7.58552769746199e-06	6.78318114037715	up	21923
Trpm8	52.4419920425164	2.17251907248872	0.384621381461223	5.64846151879301	1.61890079177597e-08	9.41266734079671e-07	7.79077976452914	up	171382
Slc22a29	79.6838712976643	2.15775107370658	0.287595060240633	7.50274038747802	6.24972561553588e-14	8.36675451942035e-12	13.2041390492598	up	236293
H2-Aa	1530.73212077401	2.1548618634553	0.243315146326542	8.85625862585374	8.27447788457002e-19	2.23424927422178e-16	18.082259400453	up	14960
Gm16364	42.2294824323267	-2.14684235677993	0.426353937818089	-5.03535247678636	4.76970343587418e-07	1.94343131437214e-05	6.3215086230914	down	100504626
Tafa2	338.361866245452	2.14664151332621	0.46303148402741	4.63605950648301	3.55113774732004e-06	0.000114289243338496	5.44963248124929	up	268354
Hcar2	16.2387818559026	2.14447628157284	0.695302395358879	3.08423542891144	0.00204076032205251	0.0216309731807176	2.69020799818559	up	80885
Ctf2	20.3454064666071	-2.13937058575671	0.535789286967919	-3.99293274015165	6.52610845045248e-05	0.00131938367670252	4.18534571341028	down	244218
Mid1-ps1	60.1083391445307	2.13248721404026	0.53318263192238	3.99954365796128	6.34647399255301e-05	0.00129126024489607	4.19746749532056	up	107988026
Gm45301	29.195863756488	-2.13049036585497	0.765268395710739	-2.78397798445118	0.00536966787644379	0.046265104888927	2.27005257535974	down	115486922
Ltbp2	109.164013919296	2.12278372281752	0.391608468026041	5.42067880584329	5.93731528492918e-08	3.14243753502348e-06	7.22640988843804	up	16997
Tlr1	32.8840103988296	2.1207707907374	0.571919408159971	3.70816370362484	0.000208767681806576	0.00345366348791335	3.68033673124162	up	21897
Ciita	29.4537978884717	2.12057272092105	0.54669906528081	3.8788665567442	0.00010494430057026	0.00195540076302316	3.97904114258038	up	12265
Gstp2	414.782421407732	2.11875291372653	0.275746916994597	7.68368668204564	1.5457444339938e-14	2.25919766770231e-12	13.810862308659	up	14869
Zfp831	18.7100198161101	2.1175947759755	0.480645852096478	4.40572776554502	1.05429305344036e-05	0.000293122908103986	4.97703865496589	up	100043757
Fhit	856.918309687533	2.11361938582446	0.164694379916535	12.833585377325	1.06327373704972e-37	9.96412582643473e-35	36.9733549131005	up	14198
Ebf1	25.4357506971936	2.09777969947583	0.61427378263554	3.41505654119781	0.000637687729115923	0.00858023919978528	3.1953919399651	up	13591
Chac1	157.902611120292	2.09553993840132	0.620999682102889	3.37446217573768	0.000739600791058384	0.0096027548511419	3.13100263300217	up	69065
BC023105	398.452373381065	2.09192288798973	0.705573262591804	2.96485566970807	0.00302824966146873	0.0296515337165693	2.5188083226566	up	667597
Klk1b4	79.8007123992629	-2.084287477189	0.351277140469583	-5.93345605809347	2.96623413947328e-09	1.99388506649573e-07	8.52779457095165	down	18048
Zfp382	10.0109461963009	2.0834764929947	0.685604866048252	3.03888813538273	0.00237453007732166	0.0244845557681627	2.62442232499453	up	233060
Emb	20.6569294663881	2.08280347365009	0.547520035502019	3.80406804974794	0.000142339050315828	0.00254786900065331	3.8466759361062	up	13723
Sema5b	156.765036194143	2.07466786473326	0.196578580567272	10.5538856712991	4.87388219196079e-26	2.77306490000455e-23	25.312124972484	up	20357
Tyro3	12.8115934624704	-2.0659636813208	0.702225512361412	-2.94202310362304	0.00326075598409609	0.031406955007639	2.48668170003665	down	22174
Acnat2	539.810697357022	-2.06385982091526	0.283642104239753	-7.27628158889537	3.43146952763718e-13	4.20513392652215e-11	12.4645198534068	down	209186
Gm31121	61.111467369221	2.05671788502255	0.574748126034348	3.57846818781908	0.000345613926098497	0.00521893408215655	3.46140876646548	up	102633249
Cyp2c40	332.232376856324	-2.05303034931393	0.569804303207223	-3.60304465543374	0.000314511470778463	0.00483637281947074	3.50236351045737	down	13099
Itgax	49.8015916831326	2.05088441285387	0.501852240698483	4.08662998096698	4.37684321333829e-05	0.00096441893819768	4.35883901034407	up	16411
Gm17040	21.3907741713895	2.04970571379975	0.629962243634443	3.25369612942893	0.00113914059914655	0.0136201683754551	2.94342266954243	up	100416276
Prune2	13.52166934389	2.04792000756291	0.725263252614746	2.82369194934346	0.00474739893122639	0.0419937881029249	2.32354427231562	up	353211
Mt1	487.351207330512	2.04382438628245	0.67372402299072	3.03362254652838	0.00241636548924364	0.0248355603929938	2.61683737553241	up	17748
Jaml	12.5659873606398	2.0396871087854	0.578663525824988	3.5248240432598	0.000423764169663602	0.00613168663661294	3.37287576677393	up	270152
Adam11	343.357500200663	-2.03353811629001	0.211098679443339	-9.63311623574525	5.79450158871618e-22	2.25151719048384e-19	21.2369839137261	down	11488
Rasgrp4	33.5829935820948	2.03245059848161	0.503815487614358	4.03411695044463	5.48080173058096e-05	0.00115495571917838	4.26115590835876	up	233046
Arid5a	126.255107696637	2.02515317727967	0.591244903019332	3.42523574738277	0.000614266160910226	0.00834260375913113	3.21164340871552	up	214855
Srgap3	135.318442516109	-2.02227221138445	0.339134931282108	-5.96303130361475	2.47600964305022e-09	1.70022886307901e-07	8.60624766824831	down	259302
Crybg2	40.0232529921647	2.02063156899128	0.504428883910436	4.005780861173	6.18129366730048e-05	0.00126736408511923	4.20892062300606	up	230806
Hspa2	173.743459214191	2.01460306146755	0.229294800513428	8.78608261921569	1.54865722802889e-18	3.9161362380521e-16	17.8100446961522	up	15512
Hmga2	13.515908087831	2.01113751067064	0.718246363108898	2.80006640335152	0.00510920953354957	0.0444478324400914	2.29164628612213	up	15364
Mmd2	180.429243186672	-2.00575782249327	0.301373789005197	-6.6553824375838	2.82564339969459e-11	2.61717005817062e-09	10.5488826476244	down	75104
Fam83a	20.4090227026659	1.99739880779488	0.528495151446159	3.77940800843538	0.000157201656131873	0.00274603024543516	3.80354288294582	up	239463
Gm4070	22.7012854227678	1.99033561256203	0.6266329486588	3.17623836541312	0.00149198303386171	0.0169413982269786	2.82623611543046	up	NA
Rian	47.0446140357654	-1.98418589286092	0.364815871081759	-5.43886944111662	5.36197281987949e-08	2.86649627494967e-06	7.27067539180899	down	75745
Csf2rb2	77.2744721557472	1.97886798334313	0.327834401807674	6.03618159787895	1.57803660445476e-09	1.12230808685575e-07	8.80188292702753	up	12984
Cd74	3803.49578049799	1.97260629350305	0.229625822208861	8.59052468284173	8.65730689966216e-18	1.99194621985165e-15	17.0626171865641	up	16149
Gria3	15.8486303435047	-1.95906616524777	0.588046633200854	-3.33148096535166	0.000863852075840493	0.0108824239154761	3.06356061880153	down	53623
Gm42417	13.1428042278206	-1.95812360907796	0.64248865233875	-3.04771703274465	0.00230586947346819	0.0239003295912958	2.63716528011022	down	NA
Sirpb1b	23.7289670513144	1.94776872957077	0.682747192655169	2.85284033464275	0.00433303864307434	0.0391941134959876	2.36320743780636	up	668101
D630024D03Rik	286.89958100389	1.94534368865542	0.215450160617778	9.02920509818779	1.72923299447483e-19	4.95987495514312e-17	18.7621464865425	up	414116
Serpinb6a	859.347906221627	1.94368364598824	0.22017919928294	8.8277351008554	1.06816676278682e-18	2.83616078299281e-16	17.9713609397191	up	20719
Arhgap22	16.4291063091062	1.94142764005247	0.548695651919637	3.53825956750394	0.000402773905723787	0.00591390884063194	3.39493867358828	up	239027
Psat1	63.3889613219521	1.94133782944248	0.34452560574105	5.63481435658983	1.75247015301686e-08	1.01154355100405e-06	7.75634936993218	up	107272
Arhgap10	223.777486329781	1.94092111959076	0.242733514790411	7.99609860742409	1.28423544833462e-15	2.19990913198052e-13	14.8913553465643	up	78514
Atp6v0d2	32.9864286790996	-1.90350713723561	0.538474473635166	-3.53499976402837	0.000407775522598698	0.00596535523463715	3.38957884702125	down	242341
Chrna4	695.756418718627	-1.90135555456639	0.689357000617082	-2.7581580412825	0.00581280872173026	0.0489449554682267	2.23561396785108	down	11438
Meg3	108.196301593646	-1.89702045762856	0.369432751070769	-5.13495474380713	2.82211925879908e-07	1.23854495625146e-05	6.5494246375186	down	17263
Tnfrsf19	325.78850576491	1.89577916479664	0.183422490757231	10.3355872934132	4.86423292116444e-25	2.58306982223569e-22	24.3129856372809	up	29820
Calhm6	61.1786416230769	1.89009539033351	0.466105421121394	4.05508132856762	5.01168624829339e-05	0.00107602659867334	4.30001612540734	up	215900
Ly6a	578.704593427888	1.88584697383221	0.207723702092468	9.07863163825533	1.09948366928496e-19	3.24368043247754e-17	18.9588112168644	up	110454
Serpina1e	84073.7599889266	-1.88202715103693	0.60849147669073	-3.09293921629322	0.00198184723140281	0.0211189352799185	2.70292982569122	down	20704
9030616G12Rik	482.442238943709	-1.86622047391651	0.274432363317013	-6.80029298060859	1.04406602420886e-11	1.04610162463342e-09	10.9812720367333	down	77699
Gm12250	73.4687853210187	1.86582003065525	0.414662576672242	4.49961037147085	6.80781261784549e-06	0.000200471835147683	5.16699240653035	up	631323
Scn8a	46.0463600294582	1.86355442962814	0.474575626659308	3.92678073829097	8.60903946565568e-05	0.00166041897975013	4.06504530127992	up	20273
Ier3	59.9162333696892	1.86195117930095	0.418745076376461	4.44650285900201	8.72795060453857e-06	0.000248738785475678	5.05908772028372	up	15937
Pklr	4712.8633607176	-1.85955314123987	0.156680168496529	-11.8684652887712	1.72604925977718e-32	1.24989503443228e-29	31.7629468140993	down	18770
Gm40915	21.0993745115952	1.85872868664694	0.579479446910807	3.20758345538532	0.00133855217492713	0.015542620042831	2.87336469594412	up	105245466
Gm19619	107.198450299509	1.85748239766629	0.350703622392737	5.29644485846278	1.18078972980456e-07	5.70035187439893e-06	6.92782743288266	up	100503265
Mirt2	26.1765965797123	1.85412360256471	0.44032421485559	4.21081453168046	2.54451585331598e-05	0.000610946609786925	4.59439483895999	up	100038659
Gm36723	57.4781057080853	1.84226903225353	0.385418928890727	4.77991321691376	1.75370877563818e-06	6.19475266179421e-05	5.75604252478655	up	328066
Smim24	16.1538155385315	1.83864941375079	0.538327672492262	3.41548374290052	0.000636688299023238	0.0085740332136426	3.19607313147169	up	72273
Pdzrn3	158.742819549353	1.83659720818803	0.332380206492323	5.52559139297138	3.28377580948557e-08	1.81645251461509e-06	7.48362650076907	up	55983
Trbc1	26.5302650570099	1.83184680614833	0.548690005233561	3.33858242117708	0.000842070449030159	0.0106468447011901	3.07465157317354	up	100125262
AI467606	19.1353724407804	1.8317243259248	0.555303436713052	3.29860073758435	0.000971680082128508	0.0119905773728809	3.012476699514	up	101602
Cyp2d12	20.3709245282037	1.81821876719504	0.619353054143998	2.93567417651307	0.00332823704150864	0.0319026139038954	2.47778575024396	up	380997
Adgrf1	253.684999707809	-1.81273054996787	0.195842240520426	-9.25607542658193	2.12084512155353e-20	6.62493796695477e-18	19.6734910454441	down	77596
Gm35696	130.05714475651	-1.80993099130201	0.606246987856888	-2.98546801477761	0.00283144747538769	0.0280521080412944	2.54799149031888	down	102639366
Aldh3b1	221.95792089575	1.80714807348298	0.192526729556524	9.3864788419024	6.20396265320026e-21	2.10287934102411e-18	20.2073308252295	up	67689
Rab7b	38.9728247962269	1.80137835703797	0.451845863604418	3.98670985425917	6.69958717396589e-05	0.00134761519278347	4.17395195753683	up	226421
Them7	1414.36468876612	1.79289959684183	0.118799383280114	15.0918257935263	1.83299069889274e-51	2.24625960185079e-48	50.7368397387638	up	74088
Aff3	32.4539257700836	1.7850600249347	0.509075850725275	3.50647162380918	0.000454089850643577	0.00649845973154901	3.34285820490095	up	16764
Mup-ps14	87.7598904276213	1.78052383214961	0.502910717203932	3.54043724112485	0.000399464628510217	0.00588702219870145	3.39852167022465	up	621127
Serpina3f	178.962269277512	1.7749221353166	0.375829481519003	4.72267936017907	2.32757660050433e-06	7.8560641573378e-05	5.63309601748779	up	238393
Spint1	29.083512842926	1.77230628631788	0.476917321509547	3.71617093023198	0.000202264773988657	0.0033847480193417	3.69407974646519	up	20732
Slc28a1	58.3892893639674	1.76997116488911	0.298448997768775	5.93056494785218	3.01894137182643e-09	2.0207880249818e-07	8.52014532094163	up	434203
Il21r	39.342761712131	1.76719385404208	0.506193803524128	3.49114082736465	0.00048096266495976	0.00681085885819906	3.31788863470989	up	60504
Lcn2	355.259375560357	1.7669876138626	0.636334035286279	2.77682398846961	0.00548928960903132	0.0470413516737375	2.26048385570294	up	16819
Lhx6	148.454863558281	-1.75939813247671	0.27264417227595	-6.45309275378891	1.0959023644319e-10	9.23747119987545e-09	9.96022813606813	down	16874
Sftpa1	32.000770962719	-1.75361416995042	0.384736574466155	-4.55796065758412	5.1652709729996e-06	0.000157338301856323	5.28690689021569	down	20387
Extl1	564.35845556777	1.7495053481096	0.22686865813849	7.71153390011954	1.24314426171801e-14	1.8861458317552e-12	13.9054784703667	up	56219
Cnmd	76.1645890641762	-1.74303806638085	0.384688486533687	-4.53103778095063	5.86946394885733e-06	0.000176760737560011	5.23140156053838	down	16840
Rcan3	122.626157339253	1.73712869369006	0.367108484735206	4.7319219411206	2.22403943493125e-06	7.5385472846574e-05	5.65285751645095	up	53902
Cabcoco1	242.912321937969	1.73280234572878	0.295573790941042	5.86250337085679	4.5594035208303e-09	2.9054342996139e-07	8.34109196973821	up	73287
Bdnf	28.8561023648211	-1.72695239604506	0.497556405801693	-3.47086757583293	0.000518779770786476	0.00725608474837519	3.28501696706578	down	12064
Ache	41.4032557761246	1.72271348801435	0.419147082554739	4.11004527936652	3.95581541417712e-05	0.000887239641982872	4.40276398160332	up	11423
Fcrl1	14.070063510022	1.72050496252769	0.623507361497811	2.75939799394611	0.00579079624362902	0.0488888049587991	2.2372617159895	up	229499
Tcf4	963.043516312936	1.71494620738566	0.206700585543966	8.29676511497292	1.06984609529208e-16	2.18633231867568e-14	15.9706786940651	up	21413
Susd4	754.53064147633	-1.7129152422372	0.25420557816547	-6.73830706076095	1.60242654266917e-11	1.54716710613713e-09	10.7952218699805	down	96935
Tulp2	52.1275514348255	1.70971225883521	0.309948584005378	5.51611572713476	3.46574086815696e-08	1.91047466334286e-06	7.46020391240591	up	56734
Fbxw9	1897.30806890921	1.70918327552291	0.165146839659061	10.3494761331882	4.20781869021274e-25	2.31154343288894e-22	24.3759429816719	up	68628
Nqo1	459.928285718043	1.70724023098563	0.205272919880438	8.31692866248514	9.02720494071592e-17	1.89226844619139e-14	16.0444466978292	up	18104
Rgs14	20.4178787293884	1.705061018234	0.567526903852925	3.00437037726033	0.0026613113276486	0.0267240402435842	2.57490431749256	up	51791
Gm44507	42.8760532306886	1.70195431261976	0.470429918403212	3.61787005043543	0.00029703746166929	0.00461668663595459	3.52718877502527	up	108167447
H2-DMb1	164.208288234212	1.69629416639017	0.243390489927694	6.96943486532322	3.18216658119984e-12	3.49621350379963e-10	11.4972770894907	up	14999
Cyp26b1	89.1828949444177	-1.69318127564547	0.356619146768124	-4.74786979608358	2.05570299564289e-06	7.01272043331626e-05	5.6870396312482	down	232174
Flvcr2	98.7339378087405	-1.69265053315624	0.355147879518155	-4.76604431780006	1.8787795116145e-06	6.52782438477924e-05	5.72612418451246	down	217721
Pdgfrl	53.1990395051492	-1.69224853104225	0.471689911614663	-3.58762926527184	0.000333698307437934	0.00506782434298735	3.47664599613882	down	68797
Gsta1	250.248445651808	1.69094026944468	0.30904165822673	5.47156095119098	4.46088865878835e-08	2.42547499055144e-06	7.35057861636324	up	14857
Pdlim4	31.0516882762041	1.6900361902119	0.41489570463936	4.07340006491734	4.63317369523964e-05	0.00100697258033919	4.33412141802044	up	30794
Crat	1493.62466885666	-1.68753072494226	0.178961684379182	-9.4295643829924	4.11795604767855e-21	1.4578479510126e-18	20.3853182930634	down	12908
Atp2b2	146.17153837755	-1.6864948424471	0.365600040380251	-4.61295037246994	3.96993116095069e-06	0.000125486058184733	5.40121702388637	down	11941
Mup-ps12	105.147055732668	1.68094037682415	0.443478040724966	3.79035763321284	0.000150430534851211	0.00265983224274655	3.82266400037068	up	100039019
Gm3787	69.0451015657398	-1.68005901422705	0.393428519177969	-4.27030307242945	1.95207518166263e-05	0.000485156157863765	4.70950346005434	down	102639762
Mycn	38.3036255236004	-1.66774115382049	0.511731496375426	-3.25901603796725	0.00111799347566477	0.0134509298998702	2.95156073087809	down	18109
Klra2	78.3678229855268	1.66651767822774	0.360174915960387	4.62696763261277	3.71058476716759e-06	0.000118848164550532	5.43055764263789	up	16633
Cyp3a59	1292.47366057272	-1.66417155174659	0.21859853763764	-7.61291255527614	2.6798710989044e-14	3.81187736398625e-12	13.5718860949193	down	100041449
Il1b	47.7262894028597	1.66413141506507	0.465429882864677	3.57547178711969	0.000349596877069732	0.00526908973377284	3.45643245554976	up	16176
Kcnk10	21.7581317126833	-1.65724807949043	0.501012915972724	-3.30779512195381	0.000940335749982747	0.0117218222480244	3.02671705243226	down	72258
Esrrg	458.599347705479	1.65036680393854	0.230046831384259	7.17404710166102	7.28125408089561e-13	8.65654169871254e-11	12.1377938138865	up	26381
Card11	49.6786872366995	1.64504096918064	0.392198946277752	4.19440435726116	2.73589557415233e-05	0.000644756692186698	4.56290048313427	up	108723
Ltk	22.670921787043	1.6326371146489	0.505349294101879	3.2307101913548	0.00123483074149828	0.0145181465260584	2.90839256715813	up	17005
Slc28a2	43.233012828354	1.62911506927166	0.503162531851911	3.23775115622309	0.00120475843621657	0.014217041961012	2.91910002390662	up	269346
Gbp11	439.198099910787	1.62832951025291	0.451107790872961	3.60962400383696	0.000306641159255049	0.00474649102705535	3.51336955190294	up	634650
Gm49201	86.3849635595571	-1.62358162192784	0.290673224163513	-5.58559057718547	2.3290735677963e-08	1.32990935514562e-06	7.63281679331016	down	NA
Fam49a	24.4338649709588	1.61525465051258	0.502605177804609	3.21376444542027	0.00131007099275466	0.0152787269294104	2.88270516928606	up	NA
Slc34a2	315.220524950916	1.61056977784796	0.283356842098948	5.68389231725537	1.31663196251564e-08	7.85590404301e-07	7.88053560619694	up	20531
Trim30b	26.4634672502511	1.60916776767576	0.553879085257182	2.90526905692527	0.00366937524541342	0.0344302537356107	2.43540787323198	up	244183
Neto2	83.6828368688087	-1.60868542547204	0.365113679022413	-4.40598508875174	1.05304207454109e-05	0.000293122908103986	4.97755427613078	down	74513
Csad	6495.44053554354	-1.60742189106108	0.237604758875361	-6.76510815132398	1.33209653800546e-11	1.32285041974283e-09	10.8754643003881	down	246277
Tsks	19.4279343060504	-1.60122525378572	0.473757672096723	-3.37984026031521	0.000725279696765277	0.0094553443937542	3.13949447986105	down	22116
Itgb7	128.648704309365	1.59973527156116	0.276486843974926	5.78593631639932	7.21095308847188e-09	4.45262378497851e-07	8.14200732977316	up	16421
Nlrp1c-ps	15.9242577818912	1.59034658357898	0.561729679286364	2.83115997288838	0.00463795178220714	0.0411871040486502	2.33367377075414	up	627984
Pkm	1066.07644300849	1.58685110662026	0.218747510654942	7.25425903988181	4.03866549238283e-13	4.91144885184357e-11	12.3937621163344	up	18746
Pik3r5	53.236141719975	1.58657493913204	0.36806757471621	4.31055340953447	1.62846489857752e-05	0.000420471220409052	4.78822159817886	up	320207
Scimp	40.5956103478935	1.57996110932791	0.387063222690652	4.08191999835293	4.46651729011303e-05	0.000981463268259182	4.35003098049614	up	327957
Cxcl9	417.754597639086	1.57315983794068	0.466712998908738	3.3707221389141	0.0007497143450163	0.0096898714138637	3.12510417929418	up	17329
Ephb6	19.2888064645482	-1.57157707564222	0.474031322797717	-3.31534436662714	0.000915302923516291	0.0114545882753637	3.03843515048075	down	13848
Maff	186.775429592321	1.57142159514644	0.30836862840905	5.09591913825281	3.47053250843917e-07	1.47437475711852e-05	6.45960388321102	up	17133
Myo9a	26.5796927736156	1.56977680505704	0.38773328514048	4.04859955339736	5.15250168036355e-05	0.00109977970867714	4.28798185791411	up	270163
Zfp941	27.6667758433391	1.56922281404237	0.483049532327161	3.24857537172723	0.00115984476573808	0.0138144886782752	2.93560013309614	up	407812
Clec7a	91.9663895199742	1.56904472380892	0.346829267857998	4.52396861862112	6.06907269532339e-06	0.000181741347949618	5.21687766050117	up	56644
Vmn2r20	24.3336614438407	-1.56806061354528	0.538314641334386	-2.91290723517818	0.00358080957875622	0.0338953519899973	2.44601877340146	down	667180
Hsd17b6	15257.5813127812	1.56712663175944	0.166941346066575	9.38728882139529	6.15645182733233e-21	2.10287934102411e-18	20.2106695144227	up	27400
Car2	404.858739728341	1.56687978119262	0.146086693337959	10.7256844917954	7.71139903816595e-27	4.72501146450084e-24	26.1128668230598	up	12349
Znf41-ps	28.5080334293961	1.56674699428985	0.486474581207695	3.22061430301319	0.00127916171671825	0.0149401211943097	2.89307454681249	up	70005
Ms4a6d	50.0664186596779	1.56609841276652	0.488089223973512	3.20863140557988	0.00133368349046676	0.0155086946617707	2.87494722488219	up	68774
Gm25047	13.3752190235059	-1.56593197901752	0.564516973610923	-2.77393249843501	0.00553831684679336	0.0473341875999276	2.25662220191697	down	115489189
Mup3	199230.027274928	-1.5637057082855	0.129105274841934	-12.1118653765307	9.13917813755135e-34	6.93315461473002e-31	33.03909285748	down	17842
Gm11843	27.5076343743048	-1.56359636796566	0.478588577445252	-3.26709921977719	0.00108655591965802	0.0131135775424788	2.96394791777975	down	101056106
Serpina3g	144.535561026149	1.56229560155025	0.355423180695953	4.395592877457	1.10470815772416e-05	0.000304482796897985	4.95675243892941	up	20715
Cxcl14	70.7899871362685	1.56138359066301	0.296061700606819	5.27384524057904	1.335945762546e-07	6.33421188783342e-06	6.87421117322659	up	57266
Chst3	31.1256343510795	1.5589940714455	0.493442112084505	3.15942647225559	0.00158079982944532	0.0177600296776399	2.80112311961308	up	53374
Pstpip1	29.100085578446	1.55534798114117	0.490981910397776	3.16783153962044	0.00153580484704804	0.0173278378316731	2.81366396609795	up	19200
Gp1ba	17.7751612306284	-1.5437692986678	0.498768105114511	-3.09516443180218	0.00196703814232638	0.0210032738910198	2.70618721870737	down	14723
Pla2g12a	935.820925820314	1.54329147184483	0.191005876351498	8.07981147661024	6.48669747966364e-16	1.16111884885979e-13	15.1879763558044	up	66350
Saa3	141.42955581729	1.54297740474446	0.286337557502876	5.38866580479565	7.09826585214704e-08	3.65962696733186e-06	7.14884773900388	up	20210
Gm13855	27.4857087115797	-1.54269719414431	0.494500951379278	-3.11970520954786	0.00181032113550155	0.0197671185809974	2.74224437816652	down	105242626
Selenbp1	23755.1758404649	1.54232890804814	0.145405102944545	10.6071167848652	2.76138942382063e-26	1.62932203373654e-23	25.558872342839	up	20341
Notch1	1384.27725960995	1.54143974981217	0.188348943882068	8.18395748891122	2.74671008097455e-16	5.27202871084404e-14	15.56118717854	up	18128
Snhg11	766.681639465318	1.53951103336856	0.37959792859276	4.05563602276706	4.99980657269405e-05	0.00107492467624277	4.30104679687129	up	319317
Col4a4	38.8360361118935	1.5370828507744	0.503082049715068	3.05533232927901	0.00224811265001031	0.0234696478553829	2.64818193062428	up	12829
Npnt	30.2935341147122	1.53693454470351	0.540238005064716	2.84492118343174	0.0044422413401024	0.039892529193445	2.352397850599	up	114249
Trhde	30.7244830310646	-1.53329778105646	0.448281305438557	-3.42039197810497	0.000625309641106486	0.00847008329881642	3.20390487525813	down	237553
1810008I18Rik	1952.45228670964	-1.5287708743759	0.197190734898739	-7.75275205075408	8.99220932424375e-15	1.37745083408199e-12	14.0461335919768	down	100503969
Slamf7	19.3179969585392	1.52530379797147	0.509852164283243	2.99165896474278	0.00277466037072689	0.0275924559088952	2.55679016862998	up	75345
Myo1g	97.0805266361504	1.52514572928705	0.291973329343937	5.22357892316414	1.75497613084738e-07	8.05721174078661e-06	6.75572878592851	up	246177
Irak3	40.4396515122168	1.52427018956064	0.461109363333595	3.3056587238674	0.000947534199212327	0.0117930994747278	3.02340510615022	up	73914
4930506C21Rik	15.7764812088654	-1.52278483310188	0.486269074063061	-3.13156833186641	0.00173875318451086	0.0192094847312361	2.75976206159272	down	75060
Glipr1	28.4654337458712	1.52013283929505	0.45099342804975	3.37063190891411	0.000749959917977148	0.0096898714138637	3.12496194709699	up	73690
Gm15283	57.9663779006442	-1.51974354528501	0.380479988983537	-3.99427982886838	6.48911890111196e-05	0.00131357246777147	4.18781426812454	down	102637576
Casc4	100.261204792076	-1.51956335029414	0.311463890108052	-4.87877856327735	1.06744824252772e-06	4.01073536596914e-05	5.97165317347347	down	NA
Gm40916	143.965261432766	1.51937561847989	0.304769423389808	4.98532825760728	6.1856703457377e-07	2.45134115119272e-05	6.20861322866551	up	105245467
Fermt1	32.5649983552717	1.5168139714774	0.462542466693776	3.27929667154562	0.00104066171703302	0.0127040473670904	2.98269042159579	up	241639
Pkp3	99.0780379551948	1.50393410424089	0.303727861489188	4.95158427964776	7.36117266639434e-07	2.855628084253e-05	6.13305299517655	up	56460
Hk3	249.118491912558	1.50303389821447	0.255521947482372	5.88221056165111	4.04822868081807e-09	2.6540053956425e-07	8.39273496256839	up	212032
Tmem98	245.902586071458	-1.50289952439197	0.188845207682684	-7.95836729369005	1.74324228619568e-15	2.95442477248759e-13	14.7586422478612	down	103743
Serpine2	179.706906965611	-1.50241537471741	0.283541508118473	-5.29874932487718	1.1659858103564e-07	5.64658566362389e-06	6.93330673475832	down	20720
Gas1	694.975347637279	-1.49916945188911	0.20446328196889	-7.33221846706546	2.2637367026945e-13	2.83965270949812e-11	12.6451740877385	down	14451
4931440P22Rik	25.0000954270639	1.49039993982616	0.445982164577466	3.34183754015858	0.000832257568313225	0.0105395034346566	3.07974224680305	up	71004
Upp1	127.768944734234	1.48890347167394	0.24344217762952	6.11604565064239	9.59258562756325e-10	7.01006796480322e-08	9.01806431541219	up	22271
Btbd19	76.0601506720799	1.48308740161475	0.506897519202797	2.92581309915902	0.00343557270517364	0.0327737178240247	2.46400085628575	up	78611
Igsf3	63.1506795929655	1.48243405304907	0.279031546530881	5.3127829862958	1.07963582197883e-07	5.30854267899531e-06	6.96672271412141	up	78908
Arl4d	861.684635527014	-1.48216248018826	0.391275052969253	-3.78803215012211	0.000151845204119563	0.00267593578189023	3.81859892029034	down	80981
Ncf1	26.0028585257205	1.47830886007359	0.456354060847263	3.23939017290429	0.0011978558821956	0.0141670690863089	2.92159543013721	up	17969
Fam241b	82.5509225699993	1.47799145086732	0.267342888033722	5.52844873390046	3.2307480521663e-08	1.79334659299865e-06	7.49069690884101	up	69894
Rhoh	32.0850114146702	1.47381460999488	0.404308167397894	3.6452753835775	0.000267105623458654	0.00423830646147392	3.57331696854413	up	74734
Azin2	36.81399551479	-1.47187037754253	0.504382476671077	-2.91816319087228	0.00352100025156403	0.0333887232188491	2.45333394390089	down	242669
Abcg1	347.260210376731	1.47028946825247	0.174013904267464	8.44926429552779	2.93144180316596e-17	6.48622213419957e-15	16.5329187232819	up	11307
Syt15	23.0660771822473	1.46955775951922	0.500352584074643	2.93704440886827	0.00331356649415513	0.0318194260508652	2.47970430989108	up	319508
Txk	18.1208309872389	1.46898739120315	0.467225079920634	3.144067932853	0.00166616755810221	0.0185839469733527	2.77828132591841	up	22165
Csf3r	141.349463065917	1.4656427873566	0.411229457034951	3.56405107242119	0.000365174854261878	0.00545159230164435	3.43749913538554	up	12986
Neurl3	469.164734518298	1.46512258133831	0.187494387176305	7.81422101964378	5.53039789329962e-15	8.89947159981376e-13	14.2572436215619	up	214854
Gbp2	204.951187200159	1.45897836721256	0.311109750131021	4.68959383818131	2.73747874653761e-06	9.02914573728586e-05	5.56264924394991	up	14469
Lama3	164.013913225722	-1.45883021788588	0.234617331583134	-6.21791326344941	5.03809904664083e-10	3.8402849718677e-08	9.29773329873018	down	16774
Adamts7	501.22655714492	-1.45751098083236	0.269135716536444	-5.41552418084576	6.11094123219268e-08	3.21298365577761e-06	7.21389189279092	down	108153
Ikzf3	36.4596924314338	1.45664142167542	0.483644262445513	3.01180337446788	0.00259700755525051	0.0262019805970208	2.58552678691331	up	22780
Cyp2b10	1113.08529928284	1.44793871338136	0.38562601812109	3.7547744325869	0.00017349765590546	0.00298809854727555	3.76070638850539	up	13088
Cbln3	29.5647813604575	-1.44760337755746	0.377549854213933	-3.83420457298655	0.000125971271191198	0.0023067222084448	3.89972848810261	down	56410
Cenpm	125.528471237055	1.44631323223218	0.279569582390503	5.17335691481618	2.29925209841446e-07	1.03181366703777e-05	6.63841340848369	up	66570
Cxcr4	25.90022439821	1.44301942214225	0.454247024022802	3.17672840069022	0.00148946453564152	0.0169369446947217	2.82696983293806	up	12767
Hilpda	129.561146815218	1.44053595475695	0.271089940571736	5.31386724169411	1.0732282063095e-07	5.29337416554693e-06	6.9693079218335	up	69573
Pclo	36.8735600643391	-1.43997142720208	0.507306188090227	-2.83846611968781	0.00453309314893258	0.0405484036808786	2.34360535668546	down	26875
Slc17a8	507.271498422143	-1.43985656401939	0.400514120683057	-3.5950207237732	0.000324365755671375	0.00495918508023098	3.48896500189608	down	216227
H2-DMa	183.13723578112	1.43601994406887	0.27745720926446	5.17564473410425	2.27125279543236e-07	1.02212791762805e-05	6.64373452515882	up	14998
Ube2u	70.4198755297629	-1.43154767335734	0.304543198306663	-4.70063912547419	2.59348489026407e-06	8.60766828891601e-05	5.58611627787824	down	381534
Ctxn1	23.1417015517336	-1.43037016039914	0.455328410691517	-3.14140327467554	0.00168140337149451	0.0187186842147302	2.77432808608503	down	330695
Themis2	219.734821633412	1.42808075258718	0.194110744449264	7.35704124281719	1.88031268932174e-13	2.37740170266545e-11	12.7257699231007	up	230787
Dysf	474.700207619559	1.42750396494449	0.175856356629704	8.11744307855952	4.76107987777304e-16	8.7182486819313e-14	15.3222945322022	up	26903
Cox7a1	41.9009940458735	-1.42581649655389	0.403689920916319	-3.53195961226251	0.000412492350096587	0.00601227413484788	3.38458410127562	down	12865
Pla2g7	59.7538658225175	1.41993935906983	0.295965563529507	4.79765058521165	1.60537510548035e-06	5.74260597932981e-05	5.79442347590287	up	27226
Pdzd4	19.6588450252215	-1.41918489816255	0.508114114985364	-2.79304364178788	0.00522146469095742	0.0451836795174593	2.28220765447401	down	245469
Prss53	20.1976559620657	-1.41543641772192	0.487711731920874	-2.90219882992596	0.00370553269270143	0.034704786200721	2.43114935074232	down	330657
Chrm3	48.6194758037451	1.41417093287626	0.46855872653579	3.01812953806601	0.0025434016070359	0.0257590152585435	2.5945850586412	up	12671
Gm13657	78.4917394346615	1.41139630789329	0.304032690171209	4.64225181541661	3.44632479063571e-06	0.000111592276909792	5.4626437959147	up	102638051
B430306N03Rik	80.0018817700795	1.40876285985603	0.276821847223589	5.08905953047186	3.59843646425299e-07	1.5246460455323e-05	6.44388616102371	up	NA
Crym	169.68410773697	-1.40617189582729	0.216447989794061	-6.49658099003455	8.21658912765311e-11	7.07559358879145e-09	10.0853084294745	down	12971
Kcnj10	56.9804922173189	1.40381757471032	0.358489622699597	3.91592248651134	9.00591821963652e-05	0.00172030315536006	4.0454720010686	up	16513
Hectd2os	1678.91413787404	1.40155187897386	0.171988253454889	8.1491139703996	3.66600325134958e-16	6.87095268202944e-14	15.4358071542013	up	668215
Marco	137.403755062603	1.39734080961149	0.417826036914542	3.34431243186812	0.000824867862069178	0.0104625556613249	3.08361561674757	up	17167
AC169509.1	1983.87567452306	-1.3909675219024	0.167698142775486	-8.29447183422079	1.09068716391768e-16	2.19946040612311e-14	15.9622997979606	down	NA
Cd274	109.911904240662	1.39092206011954	0.285904871825065	4.86498201741239	1.14467214218577e-06	4.26069436849568e-05	5.94131888644976	up	60533
Amz1	51.9824951051263	1.389602672061	0.30112727160127	4.61466895599215	3.93722372958417e-06	0.000124699624723669	5.40480990607257	up	231842
Gm12602	51.4848711827128	1.38811033645509	0.321910825694761	4.31209585281641	1.61714294626131e-05	0.000419588017538909	4.79125158922865	up	102637941
Slco1a4	1373.24945645723	-1.38667828882009	0.210112328552666	-6.5996997814077	4.11991221532802e-11	3.72922281263583e-09	10.3851120375603	down	28250
A530020G20Rik	134.940565130921	-1.38431768345353	0.401815029567052	-3.4451615335173	0.000570718219982512	0.00786514875652371	3.24357826252804	down	319839
Nup155	1441.2593579451	1.37948299281653	0.108120329186543	12.7587753681037	2.78545691478859e-37	2.46528411719428e-34	36.5551035547828	up	170762
P2ry6	69.2710921925175	1.37845142009716	0.360638343397973	3.82225419268856	0.000132237271102932	0.00240213451076489	3.87864612160514	up	233571
Otulinl	94.4226402107847	1.37506628404748	0.212945793269604	6.45735359658666	1.06549745160154e-10	9.02895739439585e-09	9.9724475846703	up	223433
Gm44877	205.120590032023	1.37456924927177	0.178732100576074	7.69066801565793	1.46368776576738e-14	2.15907498115187e-12	13.8345515572029	up	NA
Tafa5	173.726644378066	1.37416087165974	0.329004897398039	4.17671859150852	2.95744530442033e-05	0.000687811111601756	4.52908327855399	up	106014
Mroh2a	736.474236597876	1.37395074926221	0.233752056867717	5.87781244654347	4.1572354480223e-09	2.70322113969156e-07	8.38119537821662	up	100040766
Prss50	39.077138406984	-1.37081891237066	0.36408059120443	-3.76515240165865	0.000166447528897319	0.00287912658291334	3.77872264805448	down	235631
Cbr3	40.8396227943752	1.37009867742002	0.375247256086155	3.6511890632065	0.000261028989401783	0.00415429853162818	3.583311258033	up	109857
Sell	48.6978897737584	1.36917739535976	0.464891269171114	2.94515618200564	0.00322791677835213	0.0311660255732896	2.49107767071835	up	20343
Erbb4	704.486619439475	1.36819845793066	0.241010073399452	5.67693473817167	1.37129758915548e-08	8.12124233934425e-07	7.86286828751277	up	13869
Fras1	406.978813390473	-1.36490991130972	0.213300521209568	-6.39899941908112	1.56398437843729e-10	1.29097591362096e-08	9.80576758912295	down	231470
Pdgfb	57.8883933433487	1.36446996472672	0.331488313510127	4.11619326871093	3.8518135116618e-05	0.00086916772031564	4.41433474772009	up	18591
Adh6-ps1	2489.67277675699	-1.36355372745582	0.345401970767786	-3.94773001562444	7.88957043705579e-05	0.00154169178696913	4.10294664215115	down	639769
Slc13a3	892.187500650266	1.35484455781987	0.179846048838418	7.53335737187712	4.94520241607977e-14	6.79155342160058e-12	13.3058159272443	up	114644
Lpl	1979.17702472405	1.35399951655436	0.163425310123616	8.28512741098784	1.1798270898021e-16	2.32047226760954e-14	15.9281816362932	up	16956
Cys1	163.791423748384	-1.34832823080944	0.296186591043575	-4.55229328937134	5.30642894232511e-06	0.000161022322819393	5.27519764697423	down	12879
Spic	43.1970557748371	1.34809624923132	0.355547289190295	3.79160885265474	0.000149674519461486	0.00265530597944425	3.82485212750705	up	20728
Ly6c2	27.395917720788	1.34702968060919	0.374436960961549	3.5974805402491	0.000321314526932959	0.00492198243131632	3.49306963914128	up	100041546
Ptgds	241.664804740581	-1.34513709283468	0.312011142124967	-4.31118287530875	1.62383535383607e-05	0.000420471220409052	4.78945800745039	down	19215
Lsp1	77.6431665307791	1.34280701106897	0.338676715558127	3.96486368676415	7.34379012318818e-05	0.00145696040414086	4.13407974325067	up	16985
Lag3	61.3504874666358	-1.34031897477695	0.28500638461288	-4.70276824358684	2.56657692671139e-06	8.53614551554052e-05	5.59064571431941	down	16768
Cyb561	258.543651401363	1.3401954279596	0.239236836086228	5.60196101020396	2.1194023608647e-08	1.21892415201934e-06	7.67378658622689	up	13056
Ppfia4	43.4913539146876	1.33859058237207	0.414442535648717	3.22985810391495	0.00123851669869226	0.014529314820962	2.90709813352625	up	68507
Lrp4	1091.57326176573	1.33756489286035	0.14281152265347	9.36594518431076	7.53726152979242e-21	2.50158569648173e-18	20.1227864152078	up	228357
Smpd3	82.7288174478436	1.33326143991298	0.356323927786779	3.74171178510018	0.000182771058063457	0.00311081808334287	3.73809257402049	up	58994
CT010467.1	306753.72859536	1.33117624402681	0.387649425299346	3.43396934743	0.000594811455296926	0.00811991541931048	3.22562067612127	up	NA
Rcan2	151.078377710731	-1.33077587269002	0.226955805896222	-5.86359034718208	4.52964198785579e-09	2.89806130556348e-07	8.34393612223507	down	53901
A530088E08Rik	133.245798329763	-1.32508585063148	0.208316635309052	-6.36092191420829	2.00546383507145e-10	1.62177890134636e-08	9.69778516533056	down	664702
Ighm	651.806151171362	1.324278764378	0.288151905227614	4.59576612319097	4.31162103373975e-06	0.000134382313895124	5.36535941808764	up	16019
Ncf4	81.5385971896334	1.32268055247385	0.287946441020064	4.59349505341407	4.35883356704987e-06	0.000135361749623141	5.36062971329289	up	17972
Atp4a	77.4484930901911	-1.32196231949272	0.331504099255117	-3.98777065642068	6.66970931324447e-05	0.00134330137887861	4.17589309358044	down	11944
Dock2	163.419277160926	1.31678158445275	0.307809599244494	4.27790942090415	1.8865675362348e-05	0.000473154539966039	4.72432764310592	up	94176
Lair1	82.9368909251666	1.31474381638607	0.313903066663799	4.18837518970214	2.80958755908376e-05	0.000660170197695626	4.55135742883536	up	52855
D630045J12Rik	264.952745305705	1.31366622542847	0.2309447466929	5.68822735411829	1.28364851614395e-08	7.68789643258996e-07	7.89155387688705	up	330286
Icos	24.2648360142259	1.31353002282505	0.43319427005208	3.03219620764404	0.00242781338477897	0.0249210663871867	2.61478469859986	up	54167
Tert	768.838104307462	1.30846509234702	0.208006364116843	6.2905050905655	3.16434672513186e-10	2.50802028249132e-08	9.49971593586923	up	21752
Clec4a2	40.6293787261462	1.30824714562584	0.429161960992874	3.04837628805495	0.0023008162545197	0.0238634790043967	2.63811806313689	up	26888
Acer2	578.936194884436	1.30796437781435	0.194401438875011	6.72816202073123	1.71819544973529e-11	1.6390761502834e-09	10.7649274354329	up	230379
Cd83	30.2880072358116	1.30753191389462	0.455008465472727	2.8736430486764	0.00405767276456455	0.0373732131738609	2.39172298004154	up	12522
Dact2	499.332175086703	-1.29750801799238	0.226667168362475	-5.72428740944725	1.03868781411796e-08	6.31577693385999e-07	7.98351496349073	down	240025
Fyb	89.6358417635751	1.29636119531626	0.363260866829655	3.56867836227504	0.000358786561336451	0.00538913793613419	3.44516383220187	up	NA
Lgals3	181.222391740176	1.29304189804991	0.200064929679156	6.46311125155	1.02571823328229e-10	8.78533181420436e-09	9.98897192434774	up	16854
Bank1	34.7782289024111	1.29056118284443	0.356045015696817	3.624713522021	0.000289281935767884	0.00452262072494422	3.53867868505672	up	242248
Tlr13	35.1787093305655	1.28975247888941	0.4138043447545	3.11681715100065	0.00182814922111553	0.0199072079573422	2.73798835823997	up	279572
P2ry4	230.234447685028	-1.28623039101591	0.185629580708511	-6.92901630282537	4.23776971731842e-12	4.62410338127396e-10	11.3728626467793	down	57385
Marchf1	56.4322727687617	1.28175079050829	0.345299177698498	3.71200070342324	0.000205627415720942	0.00342248955594003	3.68691898256316	up	72925
Myo1f	155.035828580187	1.27987027451479	0.26217591758142	4.88172325788589	1.05162771848096e-06	3.96063384943738e-05	5.97813797541402	up	17916
Stx11	31.2590980419581	1.27943820737633	0.410919154070691	3.11360080128129	0.00184819365061667	0.0199991205287342	2.73325252608773	up	74732
D930048N14Rik	370.310883789881	-1.27923406744434	0.22588915837852	-5.66310520003241	1.48657956933408e-08	8.77137004409672e-07	7.82781184017725	down	97775
Cd300a	137.131574040951	1.27575611136551	0.242590218384851	5.25889345357537	1.44924824594341e-07	6.79058053121306e-06	6.83885721659291	up	217303
Coro2b	347.893678468684	1.27439633290924	0.459888638763543	2.77109766472072	0.00558676670963915	0.0475442203265285	2.25283946338688	up	235431
Fcgr4	158.847410487775	1.27376029010627	0.264350897273169	4.81844511687062	1.44681311262621e-06	5.25038261896312e-05	5.83958756383397	up	246256
Gm19572	138.431085427476	1.2725003716291	0.282924553855635	4.49766679592754	6.87032577319315e-06	0.000201196985096949	5.16302266932389	up	100503143
Gm12353	61.0220544999366	-1.27246068697354	0.358104692573083	-3.55332033721912	0.000380400937940165	0.00563212578282972	3.41975842090987	down	108168933
Gm49024	34.1466316803804	-1.27240370915995	0.410600571346293	-3.09888440970245	0.00194250790639556	0.020839120172921	2.71163720485808	down	NA
Slc25a47	8039.11147344121	-1.26976459393296	0.213731035036614	-5.94094626321086	2.83381503599832e-09	1.92108541865911e-07	8.54762849970139	down	104910
Ackr3	85.0529340784654	1.26633180159766	0.370914185312683	3.41408296512071	0.000639970846398861	0.00860369245061625	3.19383980966687	up	12778
A730063M14Rik	56.2044333994349	-1.26612484558402	0.351005790220362	-3.60713378770516	0.000309598047394536	0.00477926985759918	3.50920178703453	down	100504703
Serpina6	12808.4042991162	1.26573506015534	0.152673040309683	8.29049488755783	1.12778241661881e-16	2.24583770989428e-14	15.9477746808285	up	12401
Gstm3	8248.2794344474	1.26504278231518	0.230838553810024	5.48020580373365	4.24831377368703e-08	2.32576930338859e-06	7.37178341444345	up	14864
Sting1	88.8170018803988	1.26473888813386	0.251068676871289	5.03742204680607	4.71843623507962e-07	1.93735586755292e-05	6.32620190962894	up	72512
Wfdc21	6476.57571168908	-1.26467158553979	0.154821731773181	-8.16856633145388	3.1207579411602e-16	5.91866604293132e-14	15.5057399156971	down	66107
Rgs10	57.9769725199188	1.26262730935832	0.287672938056988	4.38910701119961	1.13817056191802e-05	0.000313163993470052	4.94379265134226	up	67865
2200002D01Rik	524.81020589855	1.26254585029191	0.163936668878794	7.70142433005865	1.34557849002722e-14	2.02230291741732e-12	13.8710909639786	up	72275
Gm12247	51.986798749608	-1.26110050159634	0.291314004365568	-4.32900747199848	1.49782852385711e-05	0.00039246556272315	4.82453790319551	down	667947
Clstn3	922.558657900376	1.25924361530244	0.261589494917917	4.81381569125154	1.48075384352685e-06	5.3538100532229e-05	5.8295171314067	up	232370
Ces2c	3439.59315395046	1.25786058795297	0.213090046490506	5.90295327571302	3.57051422555048e-09	2.3504901705473e-07	8.44726923228092	up	234671
H2-DMb2	39.0163788729442	1.25593980196271	0.355421934865399	3.53365867089307	0.000409849998061705	0.00597923106146613	3.38737506263126	up	15000
Aoah	59.5372440264814	1.25295592467348	0.385179013942556	3.25291845952008	0.00114226270230877	0.0136412197229993	2.94223400375864	up	27052
Tspan13	46.8737174514163	1.25274226800131	0.445554455882452	2.81164793991379	0.00492884188541641	0.0433101930924263	2.30725511355405	up	66109
Nkx2-6	58.3294497661166	-1.25255423949066	0.436747040797528	-2.86791694616503	0.00413183981829883	0.0378954174699589	2.38385652340057	down	18092
Tbc1d9	80.2415567217916	1.24823160249284	0.317983565375619	3.92545948410373	8.65643400528522e-05	0.00166754111412574	4.06266097758693	up	71310
Atf3	54.6757024656371	1.24761591645086	0.290683720409262	4.2920047765121	1.77067138875765e-05	0.000452060350870163	4.75186203016581	up	11910
Il1rn	51.3209945308339	1.24427941726327	0.423992555327162	2.93467279467478	0.00333899583515368	0.0319672732270633	2.47638412265599	up	16181
Elmo1	195.664436478715	1.24358955801065	0.228105917138021	5.45180753578694	4.98604031145365e-08	2.67811150343498e-06	7.30224421460659	up	140580
Tpx2	26.6507700003384	1.24185495045179	0.448727436341028	2.7675039453304	0.00564873617371065	0.0479946751911383	2.24804870867265	up	72119
Gpr137b-ps	474.975168110859	-1.24168502421872	0.433345220233871	-2.86534837870971	0.00416550697666055	0.0381602597154567	2.38033213380896	down	664862
Pck1	37398.8603845383	-1.23976292486098	0.333793168269981	-3.71416506600945	0.000203875692382072	0.0034045530978394	3.69063455104203	down	18534
Adam8	31.1128755883369	1.23740202158171	0.402386493773407	3.0751579407596	0.00210391107300762	0.0221822682356614	2.67697262065816	up	11501
Igfbp2	15363.9438571123	-1.23719706495321	0.17290746223308	-7.15525547003555	8.35172390621057e-13	9.85565285554374e-11	12.0782238711415	down	16008
Clec4a3	54.852042482369	1.23648233392348	0.307094131045064	4.02639519588223	5.66384665053956e-05	0.00118103064122704	4.2468885137445	up	73149
Vwa3b	33.9065497046281	-1.23417844703669	0.407532746144381	-3.02841540640133	0.00245839894820278	0.0251429556648785	2.60934763855945	down	70853
Fxyd5	128.287980387811	1.2325173706463	0.256581875797161	4.8036026193084	1.55835962655024e-06	5.59149261499367e-05	5.80733231187304	up	18301
Ms4a8a	29.0974447241916	1.23246436552241	0.427103870039596	2.88563146339123	0.00390629280346746	0.0363579926368845	2.40823520647463	up	64381
Gm13775	1826.32082828592	1.23048954172639	0.249077615506519	4.94018516767991	7.80484172672157e-07	3.017935280301e-05	6.10763589950847	up	102632173
Fam129b	557.112563476458	1.22964741147965	0.187258853118504	6.56656489667533	5.14892130554801e-11	4.58253996193773e-09	10.2882837457388	up	NA
Pitx3	1056.65977267628	-1.22693416346214	0.401965836284777	-3.05233443419532	0.00227068957318407	0.0236279265776587	2.64384223428233	down	18742
Slc38a11	42.0695401638907	-1.22692017658408	0.373660298021105	-3.28351763107244	0.00102520231739348	0.0125634600910735	2.98919042079635	down	320106
Slc22a7	1746.27761647244	1.22504149834016	0.174267742817736	7.02965149219504	2.07050040966521e-12	2.33937177492032e-10	11.6839246792329	up	108114
Cyp2a5	23460.514427294	1.22335496975813	0.173394322193549	7.05533465157279	1.7218582108794e-12	1.95935165410855e-10	11.7640026140717	up	13087
Rasa4	67.3971599903721	1.22240458903425	0.336858050693992	3.62884184158835	0.00028469558430382	0.0044640603873466	3.54561926881145	up	54153
Spaca6	149.137619635797	-1.22027075971915	0.281462702640582	-4.33546167314891	1.45454517464074e-05	0.000382382164640292	4.83727278607555	down	75202
Cry1	913.115502382781	-1.21861825544367	0.163977751305498	-7.43160731100241	1.072859101861e-13	1.40096052063505e-11	12.9694573100026	down	12952
Sinhcaf	68.1409161062644	1.21807879296301	0.28470108848509	4.27844796605615	1.88200971861612e-05	0.000472906890020085	4.7253781382252	up	56306
Clec4a1	72.0618446088351	1.21114645983263	0.271454435050637	4.46169339471908	8.13145143494886e-06	0.000235103725608295	5.0898319274775	up	269799
Gm13880	44.4487621163941	-1.21022508871247	0.310954752867647	-3.89196523787366	9.94354945903359e-05	0.00186365513449252	4.00245856174859	down	433458
Plet1os	27.9721406149989	-1.20888792388254	0.39020063253863	-3.09811882163685	0.0019475332658166	0.0208509089097609	2.7105151154078	down	69631
Gm16277	63.3409956372707	-1.20737880338165	0.320272309868941	-3.76985073694233	0.000163345208721356	0.00283161318840036	3.78689359982579	down	105246607
Pde4b	665.234331433271	-1.20735473173674	0.187969540260467	-6.42314031339187	1.33491338215116e-10	1.1076304734922e-08	9.87454691323139	down	18578
Slc1a4	597.465799112851	1.20646557977071	0.213080145013955	5.66202721371196	1.49595092394253e-08	8.79409378942006e-07	7.82508265367113	up	55963
Psma8	29.4257334265001	1.19706508315012	0.431746599516755	2.77261033321391	0.0055608664608895	0.0474373141153958	2.25485753398175	up	73677
Adam12	162.591031396642	-1.19588596024726	0.250952328767139	-4.76539096537707	1.88487804720259e-06	6.52782438477924e-05	5.72471674367586	down	11489
Slc39a2	74.5381451395487	-1.19476080398353	0.279668523287423	-4.27206033034915	1.93675157801511e-05	0.000482854294043173	4.71292608150918	down	214922
Ccr7	28.918007494887	1.19439342428447	0.425549658905615	2.80670751177687	0.00500506640437539	0.0437867725909414	2.30059015617417	up	12775
Coro1a	244.398141720128	1.19396868033201	0.252800506127753	4.7229679189354	2.32427525154087e-06	7.8560641573378e-05	5.63371244205331	up	12721
1700001C19Rik	107.350052606905	-1.18977948330468	0.262785664021877	-4.52756617349429	5.96669192933819e-06	0.000179011994588111	5.22426638495503	down	NA
Gm31717	49.7574118306959	1.1874864799278	0.406236558439214	2.92314036060712	0.0034652027159166	0.0329773861811633	2.46027135388658	up	105243300
Rasgrp1	68.86610953167	1.18719216727129	0.274982506788295	4.3173370594999	1.57922907722903e-05	0.000410419223969587	4.80155486824342	up	19419
Batf3	51.5402923085356	1.18711100330773	0.296680931979957	4.0013053598872	6.29940011305015e-05	0.00128661209232054	4.20070080610144	up	381319
Mthfd2	151.258756329123	1.18487327589481	0.330603550870803	3.58397020471764	0.000338410706375745	0.00513449615549714	3.47055590554331	up	17768
Osbp2	51.3024270824064	1.18395706316155	0.366091796208485	3.23404423541711	0.00122050550061744	0.0143678431768529	2.91346025894862	up	74309
Sult2a8	19180.7886977904	-1.18357828384661	0.202841658664361	-5.8349862234417	5.37950117506764e-09	3.34768879765635e-07	8.26925799328515	down	76971
Ikzf1	109.56997862142	1.18190959540166	0.29041892745133	4.06967137360471	4.70794983875987e-05	0.00102044012083379	4.32716817303035	up	22778
Ctss	923.686529066558	1.18129774870791	0.200850230468663	5.88148565202776	4.06600199900764e-09	2.65473269861437e-07	8.39083241218156	up	13040
Gbp8	265.235701157839	1.18011650976849	0.271386693802625	4.34846857534869	1.37091456986006e-05	0.000363395008526465	4.86298960793431	up	76074
2410006H16Rik	292.08347644	1.178215677128	0.191268895121847	6.15999625227835	7.27466658881009e-10	5.39035876401551e-08	9.13818690639128	up	69221
Adamdec1	61.0305533524773	1.17696276251795	0.404698705010319	2.90824444938102	0.00363464103085975	0.034221906774602	2.43953847504292	up	58860
Ccr5	213.207714917134	1.17583996556738	0.279708235205294	4.20380888930339	2.62460563123603e-05	0.000624668607604064	4.58093594370371	up	12774
Tcea3	2313.23589903445	-1.17573713556891	0.184599904282647	-6.36911021236879	1.9012795502274e-10	1.54920569248073e-08	9.72095402295816	down	21401
Lgals1	617.753817605857	1.17528653836889	0.249334114162392	4.71370130123238	2.43257176736003e-06	8.12438172448902e-05	5.61393433802419	up	16852
Wdfy4	149.053748067991	1.17428987872208	0.22246186842142	5.27861195743248	1.30166126210413e-07	6.19007927360624e-06	6.88550201971497	up	545030
Tbc1d8	1235.46621494593	1.17254417811899	0.24637996503284	4.75908898664997	1.94468691567793e-06	6.69131906126676e-05	5.71115030782832	up	54610
Gcnt4	129.835567667146	-1.1720925446284	0.293616757777066	-3.99191297357195	6.55424271980872e-05	0.00132275046640894	4.18347747965768	down	218476
Adgre1	435.425825267941	1.17104878548797	0.216361883643399	5.41245419834695	6.21667590796208e-08	3.24714307835226e-06	7.20644177298129	up	13733
Pld4	303.915105315624	1.16942805473904	0.192962097015075	6.06040291243144	1.35780989709462e-09	9.70012083884052e-08	8.86716103007177	up	104759
Arhgap9	89.8917703296999	1.16336162790988	0.257704185925287	4.51432957416981	6.35173759546885e-06	0.000189139311464326	5.19710745188982	up	216445
Fcgr3	213.73717711566	1.16189192433201	0.185199279681759	6.27373889535946	3.52479424229024e-10	2.7792323391196e-08	9.45286622960763	up	14131
Kdf1	357.252622709347	1.16165852693143	0.176045763046063	6.59861678481567	4.15011498249124e-11	3.73533795401513e-09	10.3819398706205	up	69073
Gm49539	114.032487007779	1.15983714999403	0.267658880706662	4.33326608454715	1.46913366278006e-05	0.000385581027705915	4.8329386900048	up	NA
Pparg	369.202423207285	1.15908000583811	0.165328225845745	7.01078112892567	2.3699122808813e-12	2.64021486340699e-10	11.6252677285191	up	19016
Apoa1	174018.256880925	-1.15900640416764	0.1555186675318	-7.45252272644796	9.15720769871372e-14	1.20564856072899e-11	13.0382369352746	down	11806
Cd52	153.01763883552	1.15505562340789	0.214785058674824	5.37772799716297	7.54316596710004e-08	3.87645732328616e-06	7.12244633669573	up	23833
Adrb3	319.41843268646	-1.15432581366603	0.22467875510949	-5.13767228727748	2.7816241101752e-07	1.22414512981218e-05	6.55570155799108	down	11556
Fam110c	42.3796999677205	1.15370248025173	0.365382903501891	3.15751631834564	0.00159119330577579	0.0178642005315814	2.79827705697685	up	104943
Sash3	56.0456283627765	1.153052889344	0.283463612644242	4.0677280536572	4.74737387564858e-05	0.00102758713604562	4.32354656441874	up	74131
Ces1b	5961.49320872537	1.15266819775341	0.101507613092327	11.3554851960216	6.96521373149254e-30	4.82447043288729e-27	29.1570655524656	up	382044
Laptm5	610.520459770863	1.15019948076169	0.219612499154496	5.23740445188655	1.62850559573259e-07	7.51991960742487e-06	6.78821074481074	up	16792
Klf10	276.649967851706	-1.14985623539673	0.246753724841424	-4.65993466212388	3.16309773357674e-06	0.00010344317447928	5.49988738902094	down	21847
Mid1	98.3694714110228	1.14897923118207	0.279474825480168	4.1112083322997	3.93593853856013e-05	0.000884392621407636	4.40495169189024	up	17318
Dpf3	368.515412121336	1.14825254187232	0.24095478709368	4.76542738877353	1.8845375631729e-06	6.52782438477924e-05	5.72479520163909	up	70127
Rtn1	68.9413889424307	1.14763139383367	0.351808965336284	3.26208683379256	0.00110595260644045	0.0133274818254182	2.95626348352174	up	104001
Cdcp1	498.748735654567	1.14627757081867	0.190885591258783	6.00505026733354	1.91272635862384e-09	1.34830281501046e-07	8.71834715722842	up	109332
Itgal	469.913392544066	1.14568359796459	0.203101999170401	5.64092723185542	1.69136837151927e-08	9.79825073697216e-07	7.77176179494795	up	16408
Fmnl1	87.9150533854646	1.14417571060894	0.357650155821489	3.19914780403459	0.00137834484160077	0.0159234312338955	2.86064211474439	up	57778
Pik3cd	232.756656308431	1.14377013914501	0.275599950659038	4.15011010128967	3.32315386952312e-05	0.000763941764723995	4.4784495494412	up	18707
Gm5150	48.8271613993304	1.1419597769052	0.338892184269866	3.36968460740846	0.000752542637995891	0.00970870565593124	3.12346888852915	up	381484
Syne4	75.942636628676	-1.14089130381728	0.381500164469309	-2.99053948090517	0.00278485126680844	0.0276765224775579	2.55519799464797	down	233066
Colgalt2	54.6748599918282	-1.13931899692633	0.339353607875308	-3.35732100819439	0.000787016818396457	0.0100464462611169	3.10401598675309	down	269132
4930452B06Rik	42.1084718607963	-1.13629424062213	0.407855369305033	-2.78602251224085	0.00533591658219953	0.0460072667327614	2.27279096847937	down	NA
Spon1	67.785261915688	1.13603103481385	0.307047352609961	3.69985614647829	0.000215721711760104	0.00353930235844512	3.66610614222674	up	233744
Dcxr	5457.46740501833	1.13481657428883	0.145500100182332	7.79942125721391	6.21917316714499e-15	9.80966809166206e-13	14.2062673504885	up	67880
Selplg	112.931204709436	1.13310856554402	0.301564301880729	3.7574360044518	0.000171663248546716	0.00296291138959668	3.76532267316631	up	20345
Gm45808	32.3483196979081	-1.13180938553268	0.398983243883755	-2.83673413077576	0.00455775476379569	0.0406776420963749	2.34124904633326	down	NA
Gm12185	66.6719990078281	1.13109577794562	0.363197417215476	3.11427263612552	0.0018439901384346	0.019997690194283	2.73424140586096	up	620913
Gbp5	101.52746439407	1.13068086202058	0.372883525423384	3.03226285134686	0.00242727739422973	0.0249210663871867	2.61488058876934	up	229898
S1pr5	126.676938839347	-1.13040219094407	0.297920545092652	-3.79430760840115	0.000148056030860174	0.00263673018335701	3.8295738975219	down	94226
Ncf2	152.7948694536	1.12983614640468	0.218578315680303	5.16902210948135	2.35322060529351e-07	1.0494662829048e-05	6.62833735749431	up	17970
AB124611	122.320521970953	1.12675859142055	0.219925870498948	5.12335628757211	3.00144429509202e-07	1.30644833511232e-05	6.52266971246424	up	382062
Hectd2	401.682625417871	1.1261011464298	0.164066555097349	6.86368495859272	6.71065393181876e-12	7.06046685890106e-10	11.173235157157	up	226098
Gm36435	65.8080207035108	-1.12442968586789	0.359177756388707	-3.13056603831283	0.00174469767227208	0.0192618008433586	2.75827981835484	down	102640351
Acsm2	50.2135075192813	-1.12208519844507	0.390483348502883	-2.87358014816036	0.00405848087318933	0.0373732131738609	2.3916364964353	down	233799
Gm44421	100.252570656108	-1.1215625830451	0.307886727629786	-3.64277665256719	0.000269712850753889	0.00426269387436529	3.56909836063445	down	NA
Ugdh	9091.27629683587	1.12139705514574	0.115438601746461	9.71422936678214	2.6222504870599e-22	1.12905601376625e-19	21.5813258252501	up	22235
Pik3ap1	3593.36480092233	1.12053513674343	0.144255361416897	7.76771917339763	7.99119875555465e-15	1.2359979356771e-12	14.0973880675105	up	83490
Epop	105.011008848939	-1.1188353443359	0.357964264588328	-3.12555038314397	0.00177472665794667	0.0194959496161547	2.75086852716486	down	103551
Tle6	62.3118923663042	-1.11709240349774	0.30277129930884	-3.68955844245414	0.000224643619418513	0.0036593021482171	3.64850591221756	down	114606
Tifab	113.334567991653	1.11548493948365	0.228843760023597	4.8744389594395	1.09118117496202e-06	4.08065899021596e-05	5.96210313506355	up	212937
Pik3r3	77.6797619573224	1.11539667100126	0.277410968780083	4.02073744923002	5.80162374058887e-05	0.00120502826351136	4.23645044042214	up	18710
Bhlhe40	1264.96488432632	-1.11505018474593	0.35127311587784	-3.17431119645862	0.0015019256723574	0.0170300198479186	2.82335155926512	down	20893
Emp2	181.385450406288	-1.11374777301728	0.302929084047065	-3.67659571718191	0.000236367190769719	0.00381516283298115	3.62641280637173	down	13731
Pirb	160.821695083659	1.11328412108547	0.286563451154865	3.88494805111707	0.000102351771433777	0.00191380994214965	3.98990463646746	up	18733
Aif1	120.0865979438	1.11322524139367	0.311519472447482	3.57353340594575	0.000352196287189035	0.00530287586593963	3.45321522662488	up	11629
Cyp4a10	11436.1647471045	-1.1120015790578	0.353291121247396	-3.14755031242098	0.00164644768828816	0.0183937995246274	2.78345206334181	down	13117
Exoc3	1849.49704265066	1.11157309601929	0.123120873879823	9.0283073941165	1.74347497010869e-19	4.95987495514312e-17	18.7585842831155	up	211446
C5ar2	94.4214449404761	1.10997293999868	0.255211606012125	4.34922595152646	1.36618892956736e-05	0.000362925276328855	4.86448923813991	up	319430
Ap5b1	204.830646639756	1.1096147072043	0.275232511123877	4.0315539129928	5.54092822241639e-05	0.00116301090265238	4.25641747568568	up	381201
Paqr9	10814.0453541441	-1.10802636837386	0.174468717927173	-6.35085980763827	2.14114774613376e-10	1.71999826432801e-08	9.66935336394481	down	75552
Slc15a3	213.927450963082	1.10679256841407	0.228726472352782	4.838935157042	1.30536623024449e-06	4.76967647110664e-05	5.88426762667005	up	65221
Rftn2	53.3698031635424	1.10513450939385	0.315401070375791	3.50390221592183	0.000458493681616134	0.00655090837831985	3.33866664485362	up	74013
Tm6sf1	57.3286571572868	1.10440643632168	0.33523490356478	3.29442556421713	0.000986230613285295	0.0121447667382809	3.00602152079238	up	107769
Klhdc7b	27.418810894791	-1.10231909485458	0.390214719486664	-2.82490393059674	0.00472947939823576	0.0419095195606475	2.32518666199301	down	546648
Ifitm10	43.5096500790592	-1.10131836627103	0.361220478921553	-3.04888130805619	0.00229695211896866	0.0238389213076806	2.63884805778035	down	320802
Sult1a1	6879.6376135107	-1.10009029257972	0.135632365849981	-8.11082432784885	5.02774995963916e-16	9.10194143261493e-14	15.2986263288081	down	20887
Gm10687	47.4595036475681	1.09961643590615	0.319577732381198	3.44084185000258	0.000579907376777528	0.00796422794779552	3.23664136672446	up	100038560
Lrrc25	129.02631750029	1.09952060844409	0.218360427559521	5.03534738749487	4.76983016709251e-07	1.94343131437214e-05	6.32149708402229	up	211228
Shank2	1399.22054064575	-1.09951419483912	0.172113900508671	-6.38829398200597	1.67746620265116e-10	1.37751103476472e-08	9.77534622117386	down	210274
Xdh	10195.5338002581	1.09909651671094	0.127150711284427	8.64404536638684	5.42569960673717e-18	1.29010179753627e-15	17.2655442545751	up	22436
G6pc	16633.7887581573	-1.0981423329679	0.206388002793157	-5.32076631444739	1.03331063752548e-07	5.11844255002164e-06	6.98576909969735	down	NA
Dclk3	716.486072691972	1.09793541478458	0.203153054027235	5.40447408010607	6.49988215181878e-08	3.36200073248782e-06	7.18709451740003	up	245038
Plek	94.469573976933	1.09523422278281	0.391164421469456	2.79993312957356	0.00511131937921332	0.0444478324400914	2.2914669814403	up	56193
Fst	160.277839014714	-1.09016712672871	0.299201260484106	-3.64359135708462	0.000268860161731736	0.00425766524507781	3.57047354445516	down	14313
Cd5l	2394.79625238331	1.08984711612382	0.191303615123095	5.69694992654768	1.21969730718339e-08	7.36022643967373e-07	7.91374793500606	up	11801
Psd4	173.600002777919	1.08930841009217	0.223335893764909	4.87744442565428	1.07469113129353e-06	4.02844809709111e-05	5.96871633504984	up	215632
Arhgap15	68.0933364234672	1.08903612627735	0.362343327317053	3.00553658415913	0.00265112701881503	0.0266467536509414	2.57656946417601	up	76117
Hdac9	88.8497852111666	1.08816509592163	0.374128866648042	2.90853016948652	0.00363132136882353	0.034221906774602	2.4399353146975	up	79221
Nlrp3	50.5520202554384	1.08779359600738	0.362253459341605	3.00285219631704	0.0026746229456252	0.0268152411244526	2.57273743389558	up	216799
Cyth4	209.568782799873	1.08721972411966	0.258618834170897	4.20394642797447	2.62301044533171e-05	0.000624668607604064	4.58119997996211	up	72318
Slc25a25	6689.86734678302	-1.08706364946416	0.178302803944065	-6.09672773180381	1.08261679153069e-09	7.87541922642715e-08	8.96552524122744	down	227731
Zfp579	300.853478515604	-1.08676118999149	0.151208884212046	-7.1871517051041	6.61568908768215e-13	7.92440171848604e-11	12.1794249131709	down	68490
Cldn14	717.117987956692	1.08582774967237	0.22505578168668	4.82470497551601	1.40210655603383e-06	5.09976245300797e-05	5.85321897999346	up	56173
Snord104	70.7958265123297	-1.08569791937258	0.359656023311971	-3.01871190526629	0.00253851802920861	0.0257422856291039	2.5954197477772	down	100216537
Ms4a6b	51.2896632668479	1.08248525106297	0.293116607750011	3.69301916862446	0.000221607311894947	0.00361963784960894	3.65441591423585	up	69774
Gpd2	936.960214176512	-1.08057983012822	0.115530725061765	-9.35318141170256	8.50501919694591e-21	2.7651726699295e-18	20.0703247017906	down	14571
Map4k1	48.6453276252094	1.0796722359204	0.285314296608033	3.78415049212784	0.00015423448141237	0.002709051293694	3.81181852243912	up	26411
Thbs1	52.4751611780412	1.07799762691168	0.342261378875822	3.14963268848045	0.00163475854021232	0.0182888611686253	2.78654638514281	up	21825
Spi1	260.922985913912	1.07782800098031	0.258519979313176	4.16922515561015	3.05636939648536e-05	0.000706691159004473	4.51479415757012	up	20375
Ppp1r3b	8866.92775666424	-1.07709876336639	0.245001758813257	-4.39628992291179	1.10116832514882e-05	0.000304033147104782	4.95814628947897	down	244416
Ctcflos	251.056758577371	-1.07485086365177	0.329709426603814	-3.25999433720571	0.0011141443824565	0.0134160500052264	2.95305852510393	down	74161
Lrrc8c	195.884874616977	1.07452570200058	0.22599872668588	4.75456529228185	1.98873863693668e-06	6.82814552263757e-05	5.70142228876826	up	100604
Efcc1	39.1604947568904	1.07440930615186	0.364150231861065	2.95045619128366	0.00317305039474893	0.0306920861194567	2.49852303033023	up	58229
Sik1	633.947940238371	-1.07357288290182	0.201778606512277	-5.32054860254227	1.03454805166466e-07	5.11844255002164e-06	6.98524933284923	down	17691
Csf1r	1562.87124832258	1.07350347530695	0.178924055096555	5.99977166137688	1.97595190909339e-09	1.3806530642003e-07	8.70422362952042	up	12978
Urad	1759.46089400339	1.07293749226862	0.128085474378984	8.37673044090833	5.44182889342164e-17	1.18758597398767e-14	16.2642551177953	up	231903
Slc17a4	2004.25951061764	-1.07284994722218	0.156592483165475	-6.85122252061407	7.3221514203934e-12	7.57462300508359e-10	11.1353612942524	down	319848
Plcg2	116.471544397396	1.07258456128321	0.281044233911809	3.81642614172893	0.00013539857994268	0.00245396447902939	3.86838589049794	up	234779
Paxx	2479.33925655822	-1.06662742995718	0.249534975437087	-4.27446063658558	1.91600550443112e-05	0.000478430778857243	4.71760324758491	down	227622
Fam118a	96.0634882615683	1.06372120783508	0.295076195467852	3.60490349331135	0.000312268945508737	0.00480652808782579	3.50547120329714	up	73225
Fgd2	195.699856024393	1.06268490771114	0.207366817920717	5.12466226933878	2.98071546229542e-07	1.30098021999529e-05	6.52567947953695	up	26382
2310015A16Rik	80.3018511852872	-1.05519832134909	0.298074247809202	-3.54005194713944	0.000400048280411626	0.0058901748199978	3.39788759204446	down	69561
Cyp4f16	99.9056928602066	1.05395822052301	0.266868237453127	3.94935804493455	7.83610657150984e-05	0.00153362424804328	4.10589966620666	up	70101
Hck	201.138041155843	1.05314962395922	0.26221593781529	4.01634482150005	5.91077531233317e-05	0.00122414192602027	4.22835554927377	up	15162
Msrb3	674.660954631442	1.05233048876031	0.119567657954767	8.80112989382478	1.35445467820104e-18	3.48029314168076e-16	17.8682355224407	up	320183
Evl	54.9146147775727	1.05160221496117	0.257611718331901	4.08212103770182	4.46265432999544e-05	0.000981463268259182	4.3504067516066	up	14026
Gm4952	3763.83988759272	-1.04941167210074	0.141614697224526	-7.41033023173384	1.25985304312162e-13	1.63176575853418e-11	12.899680110663	down	240549
Plekhm3	109.889882382604	1.04638902748292	0.297943501481175	3.51203843104808	0.000444683690627999	0.00641109128994991	3.35194879859278	up	241075
Lpcat2	87.6256962005327	1.04482429290072	0.28032959213424	3.72712807430043	0.000193674055533177	0.0032649961679355	3.7129285532274	up	270084
AA986860	53.958924968985	-1.04447815613535	0.362249756065181	-2.88330948095217	0.00393520611046233	0.0365336646537152	2.40503251608961	down	212439
Tcf24	166.983143298872	-1.04243227930957	0.294771365134152	-3.53640957911618	0.000405605321861448	0.00594999851065814	3.3918963553515	down	100039596
Ptgs1	389.444311583229	1.04172141133642	0.201112005290658	5.17980719167346	2.2211535714595e-07	1.00526129394663e-05	6.65342141311667	up	19224
Vegfb	592.304674695612	-1.04118162496558	0.198550080331124	-5.24392447099088	1.5719657015225e-07	7.30116197987024e-06	6.80355693399764	down	22340
Sult1c2	76.1588893189746	-1.04089592966596	0.300371084937784	-3.46536661437154	0.000529509117023352	0.00738669854929862	3.27612655786274	down	69083
Runx1	75.8898952738049	1.038912974696	0.304378603218373	3.41322604056582	0.000641986695146986	0.0086235160542889	3.1924739723737	up	12394
Fcer1g	315.916369675615	1.03680297281862	0.198722159694266	5.21734956188953	1.81501529563148e-07	8.2851027721218e-06	6.74111971069379	up	14127
Hjurp	10101.0984595277	1.03598269105226	0.236271226572382	4.38471796198546	1.16136148134243e-05	0.000318993961366659	4.93503258222714	up	381280
Itgb2	221.853653395616	1.03597704308724	0.235407287536528	4.40078577825033	1.07859570014335e-05	0.00029883666259102	4.96714131537341	up	16414
Cd72	71.1133438326993	1.03543744882894	0.263567923058716	3.92854121553433	8.54627051506725e-05	0.00165031073424893	4.06822336457971	up	12517
Snhg15	119.883609200645	1.03167178645761	0.283961768569531	3.63313621990275	0.000279997102591909	0.0044077409499918	3.55284646271084	up	100041286
Hexb	242.327475972752	1.03147875329215	0.206555730912209	4.99370677703708	5.9231304951125e-07	2.37088924416174e-05	6.22744869911949	up	15212
Cd300c2	110.741066515801	1.02638829308522	0.205576740199646	4.99272579226835	5.95330515451364e-07	2.37699509815932e-05	6.22524185581129	up	140497
Treml4	104.185804220728	1.02556093709817	0.239749792476001	4.27763013476154	1.88893532997552e-05	0.000473154539966039	4.72378291042943	up	224840
Sdc3	779.947042330103	1.02248831933958	0.237281848551658	4.3091720904095	1.63866824735595e-05	0.000422421097874235	4.78550896157666	up	20970
Pld6	82.5021913681179	1.01989013857118	0.281413266018988	3.62417221120759	0.000289888411465796	0.00452765910104078	3.53776914558689	up	194908
Qpct	212.813921261302	-1.01972712476465	0.254981507298603	-3.99921992605713	6.35516046788583e-05	0.00129137833436083	4.19687347903012	down	70536
A930004D18Rik	61.811277697487	1.01736103495727	0.298240809746663	3.41120665485536	0.000646760525035618	0.00864391101035439	3.18925649507729	up	77940
Gab2	153.060659994782	1.01615588968111	0.230857217810511	4.40166393461078	1.07423856846012e-05	0.00029814799014178	4.96889925917639	up	14389
Inpp5d	203.32354315407	1.01573053633153	0.247028881876955	4.11178858364208	3.92605737148173e-05	0.000883418361371123	4.40604335834379	up	16331
Abcc4	159.912905289063	1.01539508757963	0.229414171247296	4.42603472165236	9.59810814424843e-06	0.000270058009530833	5.01781436107314	up	239273
Il10ra	161.724320085099	1.0145789043657	0.255881951446149	3.96502722693681	7.33875699711728e-05	0.00145696040414086	4.13437749253723	up	16154
Car14	1289.65347649362	-1.01447453662068	0.162027167343967	-6.26113850689654	3.82176881255566e-10	2.96998043672314e-08	9.41773558794247	down	23831
Vav1	137.168399058494	1.01349114130469	0.284099401484282	3.56738217683562	0.000360565417261597	0.00540882077438278	3.44301592989508	up	22324
Gask1a	531.447643287368	-1.01298688360543	0.262549363942525	-3.85827209174722	0.000114191481651979	0.00210553760902509	3.9423662919704	down	245050
Nrbp2	466.911360915865	-1.01259844176299	0.189881126817816	-5.33280194157758	9.67087750963331e-08	4.86014982984127e-06	7.01453411740602	down	223649
Rassf4	172.926114440271	1.01118687265629	0.203803014852151	4.96158937290429	6.99186857496155e-07	2.74353345486977e-05	6.15540674366104	up	213391
Siglec1	353.162931623707	1.00948487887785	0.236782004104597	4.26335135854291	2.01383480122256e-05	0.000498744775587546	4.69597615834053	up	20612
Khk	12715.803039522	-1.00767604876011	0.104390320439365	-9.65296441776334	4.77548918810745e-22	1.95072610912153e-19	21.3209821338574	down	16548
C1qb	1247.73021033578	1.00427117057989	0.194696822247182	5.15812820665808	2.49430810236804e-07	1.10074300218352e-05	6.60304990254397	up	12260
Syde2	160.722934484336	-1.00275711805214	0.219630366428552	-4.56565790222066	4.97930223558077e-06	0.000152548584451995	5.30283151195284	down	214804
Adgre4	159.375243585087	1.00258045661837	0.222486589513315	4.50625118040372	6.5982975577894e-06	0.000195749494214419	5.18056810334174	up	52614
Scara3	81.1070667032691	-1.00072636809354	0.307936358888915	-3.24978307759541	0.00115493068711673	0.0137718568686053	2.93744407906707	down	219151
Wipf3	196.435834162395	1.00070730410049	0.238060076449773	4.20359145903082	2.62712928940257e-05	0.000624668607604064	4.58051855367285	up	330319
Slc35d1	7434.22709489043	1.00022095224558	0.0988907482423252	10.1144037235375	4.76912122610839e-24	2.3742771954104e-21	23.3215616381112	up	242585
