geneID	baseMean	log2FoldChange	lfcSE	stat	pvalue	padj	-log10(P.Value)	trend	ENTREZID
Cyp1a1	98693.2989209767	11.9545308966068	0.288717962094542	41.4055669064756	0	0	Inf	up	13076
Nptx1	1215.67021406536	10.2141829122576	0.478246870061193	21.3575530791257	3.31739695913592e-101	9.50832316427537e-98	100.47920255777	up	18164
Cyp1b1	1668.350063045	8.18091500686513	0.512700234946062	15.95652673677	2.56620595362967e-57	3.3432997746788e-54	56.5907084917898	up	13078
Igkv6-32	15.6887810262569	7.37145899568537	1.06006770789455	6.95376242553992	3.55670386927793e-12	4.80859652364358e-10	11.4489522926136	up	434039
Ahrr	302.088322773585	7.35061305359916	0.397887957193595	18.4740777414951	3.33884213931393e-76	6.83556381407257e-73	75.4764041139332	up	11624
Gm11762	12.9915018306471	7.09598546344693	1.05430440647625	6.73049018846793	1.69092451864125e-11	2.00269746087998e-09	10.771875778487	up	100503830
Adra2a	12.7567583394834	7.06731927047624	1.08329129183319	6.52393250435591	6.84875383225909e-11	7.06111447266943e-09	10.1643884435452	up	11551
Gm41333	214.092116580005	6.07094918012453	0.376275853761048	16.1343044456418	1.46448123842383e-58	2.33194229198355e-55	57.8343161877251	up	105245962
Fmo3	792.346533350523	6.02655732794735	1.05780375704339	5.69723569974064	1.21765536904806e-08	9.04156429732006e-07	7.9144756119489	up	14262
Cyfip2	1508.01678768806	5.52139626175042	0.138279660638911	39.9292002615512	0	0	Inf	up	76884
Insl6	64.1448778746482	4.65707291576836	0.39070713341427	11.9196004308179	9.35561473964868e-33	6.38453880161454e-30	32.0289276705621	up	27356
A4gnt	10.5100615231652	4.64406060909065	0.973221169209834	4.77184503997298	1.82545930149069e-06	7.96543903535921e-05	5.73862784517662	up	333424
Cdk15	83.3476987614527	4.42480678837178	0.335692752230086	13.1811210071613	1.12703590051923e-39	1.07677009935607e-36	38.9480622497489	up	271697
Siglecf	8.64544183409572	4.266778634939	0.988053628916615	4.31836745503122	1.57187574500288e-05	0.000505079625597227	4.80358178742664	up	233186
Cyp1a2	286066.865885232	4.03750231068201	0.109176055003744	36.9815735743845	2.26507936981309e-299	1.08202841495971e-295	298.644916575431	up	13077
Gm8221	15.4777261558623	4.00654764637357	0.710627742728772	5.63804001091858	1.71996551282528e-08	1.25120942965985e-06	7.76448026108073	up	666661
Ism2	72.7868810792399	3.96724381066847	0.911341622757754	4.35319062753157	1.34170386784425e-05	0.000444063698154178	4.87234332824522	up	217738
4930503O07Rik	27.1867829540879	3.95749971577155	0.692402081751751	5.71560921041603	1.0931168961072e-08	8.24497802005911e-07	7.96133339283554	up	74942
Apol7c	38.3235400911079	3.95519088207783	0.507849201987687	7.78812069921048	6.80131957923985e-15	1.28249619592219e-12	14.1674068181196	up	108956
Corin	8.07863191623847	3.94148001244408	0.975892308995354	4.03884729504805	5.3714518711322e-05	0.00146905108330526	4.26990831124682	up	53419
Slc6a19	11.8025172189756	3.93876015638225	0.925566079007663	4.25551480949383	2.08568557943006e-05	0.000645571491119053	4.68075116159053	up	74338
Osbpl3	271.706507512904	3.70457383497203	0.255442547008119	14.5025716285795	1.16694682396168e-47	1.39362624451623e-44	46.93294893366	up	71720
Tnfaip8l3	160.71571552062	3.63678076992121	0.542265245215718	6.70664550606496	1.99149262381264e-11	2.3393508845786e-09	10.7008212978127	up	244882
Tuba8	386.089855726536	3.53178932722598	0.221334211942147	15.9568161480121	2.55433646112223e-57	3.3432997746788e-54	56.5927218973684	up	53857
Hrk	49.07229057805	3.45821454344782	0.505051302919758	6.84725397886411	7.52809995396893e-12	9.54736287082555e-10	11.1233146232194	up	12123
Irx3	7.97858455234826	-3.42578068416992	0.941748519931088	-3.63768098559964	0.000275103871893807	0.00573039765713684	3.56050329717745	down	16373
Rad51ap1	8.27278163285491	3.27118027021399	0.849661417899513	3.84998094688214	0.000118127013601161	0.00287904461210585	3.92765077540611	up	19362
Gm13021	72.2487777744684	-3.14403909065358	0.373369515120038	-8.42071718051963	3.74186572068369e-17	9.24563407639965e-15	16.4269118014999	down	102637389
Pcp4l1	1053.77793382678	3.09910990693612	0.168925348902092	18.3460322981624	3.55117102097081e-75	6.36147898769159e-72	74.4496284119914	up	66425
Gm7967	8.86164100108592	-3.08124620109539	0.975106757511646	-3.15990652034692	0.00157819765130958	0.0219371004276601	2.80183860727508	down	666182
Pkp1	14.0180872720401	3.03590872854915	0.896745762364173	3.38547318087715	0.000710556525273239	0.0118231463381575	3.14840136792962	up	18772
Aldh3b3	8.94633732997769	2.99576675627932	0.891473333247867	3.36046704320922	0.000778108134112359	0.0126429338661726	3.10896004467486	up	73458
Adamts17	24.9313016069691	2.92639944958696	0.519376270668327	5.63444965597158	1.75618252920163e-08	1.26471617216023e-06	7.75543034759543	up	233332
Fgf9	16.4571829160247	2.92478391748407	0.673525496661875	4.34249918077322	1.40871010992221e-05	0.000460918369527287	4.85117836857561	up	14180
Klrd1	14.6307745712966	2.92353661791229	0.635355927824095	4.60141550567495	4.19629381111592e-06	0.000161225433263009	5.3771341114987	up	16643
Slc30a3	11.4638969796719	-2.89243183995667	0.739314492048354	-3.91231589677467	9.14152237306051e-05	0.00233108820513043	4.03898147350425	down	22784
Fabp12	37.1901659953215	2.87882634715351	0.423466233374642	6.79824297727795	1.05902739327362e-11	1.2861797943224e-09	10.975092806093	up	75497
BC023105	632.667575043106	2.84326254476583	0.518603945987964	5.48253164435393	4.19281971721672e-08	2.76899997084944e-06	7.37749381098093	up	667597
Sirpb1a	8.24084437974226	2.83422666895418	0.864933950166323	3.27681283456288	0.00104985938053429	0.0158875763278108	2.97886886697553	up	320832
Sorcs3	12.8698375684372	2.75529908882645	0.771263137082848	3.57245012285668	0.000353656855705396	0.00698106942026725	3.45141791861882	up	66673
Serpine1	41.6305423502992	2.74603283996617	0.601955016223204	4.56185722513847	5.07031218362172e-06	0.000190715600796543	5.29496529994669	up	18787
Ttc39aos1	22.714946960408	2.7099132934072	0.623633251446248	4.34536370073713	1.39045087773922e-05	0.000458081644342086	4.856844349413	up	102635290
Sun3	28.8373945036391	2.67849319285864	0.442353200851704	6.05510073783005	1.40329817884845e-09	1.20423150904653e-07	8.85285003840183	up	194974
Amn	12.613521477165	2.67714476272621	0.770909141453039	3.47271113905878	0.000515229566827239	0.00916906148203863	3.2879992226252	up	93835
Pmm1	408.860165988312	2.67093168106479	0.192505513647654	13.8745723717475	9.03301990391114e-44	9.95786217253466e-41	43.0441670328154	up	29858
Tent5b	12.4189231088962	2.66113105574779	0.865048078038105	3.07628110310716	0.00209600139310545	0.0273902435934904	2.67860843303478	up	100342
Hcn3	267.588408435663	-2.65975331212782	0.252185018703752	-10.5468331378253	5.25381514250974e-26	2.28158863052446e-23	25.2795252120982	down	15168
Gbp2b	265.6948273884	2.63390042915033	0.274206166426328	9.60554776530888	7.57540519355445e-22	2.71407829572072e-19	21.120594132645	up	14468
Serpina7	791.852590691162	-2.61128273827145	0.313061729209124	-8.34111133567248	7.35955622078177e-17	1.72901311803317e-14	16.1331483727109	down	331535
Acpp	555.910500101922	2.597298881595	0.208179336788457	12.4762568738235	1.00606068655636e-35	7.58834510475747e-33	34.9973758214256	up	NA
Gm10804	10.63792695222	2.59320094375865	0.91446103601022	2.83576975031407	0.00457153909148024	0.0487823728369347	2.33993756220439	up	100038525
Slc1a3	9.06812708419587	2.56029362754004	0.85159854241352	3.00645609406974	0.00264312220764377	0.0328521980552843	2.57788275632408	up	20512
Hoxb7	8.39271354225812	2.52287216924862	0.804988642376528	3.13404691251353	0.0017241328920189	0.0234426456124506	2.76342926284646	up	15415
Cyp2j11	12.832345092762	2.44797690514266	0.657126143686162	3.72527699386709	0.000195100867540482	0.00430815182237695	3.70974079945629	up	100066
Slamf8	32.6681904210905	2.43929025578205	0.38497608521061	6.33621242848782	2.35482068362289e-10	2.26489498100668e-08	9.62804215820731	up	74748
Slc46a3	6876.60864555754	2.35499668806773	0.0821971869533954	28.6505752247091	1.57681495185698e-180	5.6493337687656e-177	179.802219270592	up	71706
Sema5b	186.379449201759	2.33966668358086	0.212310614930716	11.0200174604759	3.05999716575654e-28	1.4617606460819e-25	27.5142789757723	up	20357
Cdh18	235.740430010738	2.3377165050813	0.286536742234773	8.15852266222074	3.39147092519642e-16	7.71478886174442e-14	15.4696119017542	up	320865
Gm3776	261.439845292157	2.32879172904737	0.28846700890941	8.07299156271525	6.8596349244275e-16	1.48947618336319e-13	15.1636989971979	up	NA
H2-Q1	210.127467019053	-2.27000189561188	0.234499774626481	-9.68018796277146	3.66042394308192e-22	1.38046146127124e-19	21.4364686125622	down	15006
Ttc39a	96.350128880626	2.24745863717896	0.35499699832695	6.33092293109776	2.43699054854818e-10	2.32830077008293e-08	9.61314615514902	up	230603
Bnip5	11.0625514129368	2.24575555492407	0.645610846634961	3.47849725051763	0.00050423361056497	0.00903271484125823	3.29736820904355	up	207819
Gvin1	33.2731303240918	2.24218029445681	0.522291912581861	4.29296383965238	1.76303728423443e-05	0.000558984232751407	4.75373850326162	up	74558
Gm11992	86.0194399037073	2.22858325969081	0.323858980932598	6.88133845562437	5.92927882740197e-12	7.58682989959801e-10	11.2269981262523	up	626870
Vtcn1	119.785899177858	2.22533588090333	0.288631468457794	7.70995585752887	1.25861264161679e-14	2.34249061909224e-12	13.9001079104744	up	242122
Cd36	3408.59388446994	2.22048503098697	0.304488209280272	7.29251564858816	3.0422021904403e-13	5.12915289308234e-11	12.5168119253013	up	12491
Ubd	30.9047964023377	2.18748548862785	0.628461700048346	3.48069816897287	0.000500108714552777	0.00898127567450607	3.30093557766747	up	24108
Htatip2	5173.76958754944	2.14970754828244	0.106057872637377	20.269193552774	2.40566625825088e-91	5.74593385783223e-88	90.6187646231531	up	53415
Mab21l3	17.2735295426874	2.1290013792968	0.632810519189464	3.36435838965467	0.000767218449029124	0.0125227876913854	3.11508096238691	up	242125
Gm36283	37.8201436082885	2.11019610230535	0.522773114683398	4.03654289601967	5.42446112890505e-05	0.00147230970527156	4.26564339856089	up	102640148
Gm48386	8.44770767857445	-2.0780862438105	0.685690656858217	-3.03064687118843	0.00244030469495627	0.0309669834862123	2.61255594453149	down	NA
H2-Eb1	1074.81191955122	2.06875885477395	0.180187517537608	11.4811441050136	1.64094596720042e-30	9.79849860664551e-28	29.7849057190889	up	14969
Eda2r	13.8108492847929	2.06838376117405	0.675871762635976	3.06031983509286	0.00221100740425737	0.0284433995605138	2.65540980304646	up	245527
Gm28863	10.6841756662476	2.06435181750272	0.690862934439499	2.98807725034133	0.00280738585430588	0.0344752756452935	2.55169789271668	up	115486471
Cela1	730.922233832801	-2.04664982391561	0.153265437998939	-13.3536291719584	1.12815861044263e-40	1.15483150330381e-37	39.9476298375889	down	109901
H2-Ab1	1609.69017270745	2.0363505956298	0.181958490636011	11.1912919727572	4.49830852404791e-29	2.30233069493324e-26	28.3469507610621	up	14961
Gm12250	82.1749090336248	2.03238213776271	0.317171598523119	6.40783143013532	1.47603971571547e-10	1.42926521391341e-08	9.83090195681919	up	631323
Xcr1	21.2796247249426	2.02624311970742	0.567167164946755	3.57256774534479	0.000353497993986145	0.00698106942026725	3.45161304637407	up	23832
Trpm8	49.2735341070669	2.02575172348991	0.378172900403937	5.35668135217026	8.47644171390311e-08	5.01966471908866e-06	7.07178641995177	up	171382
Fcor	19.4945150048488	2.02519234220312	0.577277847069713	3.50817609316396	0.000451190291216842	0.00834323621087556	3.34564025414066	up	100503924
Gsta1	304.070179835823	2.00808702930839	0.392447860612824	5.11682501255753	3.10721643556536e-07	1.68035919766367e-05	6.50762849457318	up	14857
Ucp2	2035.30866564937	1.98271904433754	0.152748149754986	12.9803146389524	1.58229232704533e-38	1.41723945868042e-35	37.8007132779215	up	22228
Apol10b	21.9213018876577	1.9625674901443	0.425128019478368	4.61641529192164	3.9042527728615e-06	0.000151221206723995	5.40846207258701	up	328561
Kcnk10	21.25158240539	-1.96214074300151	0.497555362206561	-3.94356265059591	8.02800062073343e-05	0.00208045708672208	4.09539260260445	down	72258
Tafa2	310.622006041833	1.95163086392996	0.495735831820811	3.93683639280567	8.25628549514127e-05	0.00213190680055621	4.08321529793335	up	268354
H2-Aa	1393.87941544517	1.94867319965767	0.175367687718522	11.1119284573418	1.09763079456831e-28	5.42418859205463e-26	27.9595437171225	up	14960
Snhg11	969.76392681628	1.93903667912216	0.162506339327007	11.9320679251798	8.05473558366406e-33	5.77162078247448e-30	32.0939487117861	up	319317
Gm35986	88.0798766583493	-1.93572597371803	0.29391096273775	-6.58609653647126	4.51540295437392e-11	4.90229088932824e-09	10.3453034871994	down	102639747
Psat1	64.5198880373004	1.93101350851539	0.363355533625756	5.31439136001783	1.07014403906038e-07	6.25968743827525e-06	6.97055776328768	up	107272
Ciita	26.9228983742671	1.92461445554607	0.494788864959272	3.88976913557765	0.000100339632966478	0.00251392881126327	3.99852749191625	up	12265
Gstp2	380.187976052934	1.92297030010586	0.222660393752187	8.63633746307865	5.80438849991016e-18	1.63103316847476e-15	17.2362435270199	up	14869
G730013B05Rik	11.3421045862627	1.9214379950429	0.670611709596889	2.86520197536946	0.00416743341552553	0.0458002210720064	2.3801313303124	up	619312
Meig1	31.504794468574	1.9121509319474	0.567466647404478	3.36962699163614	0.000752699987611314	0.0123420406435443	3.12337809111378	up	104362
Mup-ps10	15.336460515514	1.9002216140953	0.564174104714112	3.36814752435015	0.000756750916754031	0.0123801340045685	3.12104704425183	up	108168721
Cd8a	12.853797696476	1.85088417062369	0.64670803017047	2.86200895036946	0.00420965018845669	0.045947065385204	2.37575399146479	up	12525
Atp10a	27.6980695209891	1.8396640286404	0.474195212823343	3.87954998045447	0.000104649897199082	0.00259022051253893	3.98026119394635	up	11982
A630076J17Rik	42.206059620151	-1.82860479935545	0.434064512570145	-4.21274890344772	2.52281467174021e-05	0.000767610553305923	4.59811465197819	down	319929
Srgap3	142.440188731141	-1.82434203195637	0.292145168584588	-6.24464214416112	4.2477148773145e-10	3.95285726667494e-08	9.37184464243618	down	259302
Tulp2	56.5583300820841	1.81784547333028	0.369264002853544	4.92288839226842	8.52760920598501e-07	4.06010523358708e-05	6.06917271023742	up	56734
Ripply1	35.5503315449444	1.80366469185855	0.394034611790518	4.57742705307685	4.70729857946016e-06	0.000178466391381597	5.32722825393487	up	622473
Klra2	85.1145533669698	1.78051105618936	0.330710324034106	5.38389922174229	7.28893237727676e-08	4.50248663356695e-06	7.13733607889911	up	16633
Nqo1	488.114764312463	1.77659164246883	0.183819364871367	9.66487749379422	4.25128251928828e-22	1.56218281497232e-19	21.3714800330025	up	18104
D630024D03Rik	267.216312709315	1.77529201052464	0.220287625115091	8.05897294320151	7.69381240279152e-16	1.62147096388831e-13	15.1138584072449	up	414116
Tnfrsf19	311.627446855707	1.77228180912099	0.15712689202114	11.2793029017754	1.66056594254054e-29	9.15291173944175e-27	28.7797438735056	up	29820
Cd74	3473.35370389168	1.76581002344349	0.154993088852698	11.3928307159662	4.53996809125905e-30	2.60249130863334e-27	29.3429471995303	up	16149
Slc22a29	65.1615974071838	1.75381570491862	0.286753938813363	6.11609978986238	9.58932900569992e-10	8.37955329150522e-08	9.01821178066219	up	236293
Pvt1	291.123143320083	1.75345507824947	0.239248393554447	7.32901505501823	2.31850343109396e-13	4.05200886231799e-11	12.6347922570664	up	19296
Cxcl9	466.094311801109	1.73996126609199	0.24375686538152	7.13810158072333	9.46286933721494e-13	1.41262896324612e-10	12.0239771565821	up	17329
Zfp941	30.980173829208	1.73828979718953	0.447915117580545	3.88084645720167	0.000104093545040876	0.00258090760204289	3.98257620074928	up	407812
Atp6v0e2	16.0089664531704	-1.7036405143333	0.597717373411289	-2.85024426278643	0.00436856655597181	0.0472854435903565	2.35966104333986	down	76252
Tlr1	26.7239587526839	1.70150021504745	0.595476619299958	2.85737535261708	0.00427160370468569	0.0464463980970035	2.36940904550469	up	21897
Entpd2	111.364440073586	1.69808036066081	0.232162070480782	7.31420234642236	2.58914742038869e-13	4.47049056404703e-11	12.5868432210836	up	12496
Calhm6	56.2675871989559	1.69630310850682	0.355354401098554	4.77355311560181	1.81003782704196e-06	7.93261532089858e-05	5.7423123489408	up	215900
Ikzf3	41.81374854198	1.67836958318523	0.450227131598028	3.72782861225635	0.00019313664336504	0.00427135993219813	3.71413532072358	up	22780
Clec7a	99.5937436065704	1.67812654918799	0.333081034573945	5.03819303712243	4.69947355157523e-07	2.43134135262183e-05	6.32795079024545	up	56644
Notch1	1502.98852605144	1.65730969715346	0.157743106140062	10.5063843213656	8.07295421298556e-26	3.40275020077341e-23	25.0929675106782	up	18128
Lpar2	45.6632552626284	-1.65663589666387	0.49047543208	-3.37761239057059	0.000731180663239745	0.0121279514871398	3.13597530244835	down	53978
Cyp2g1	66.2032712238476	1.65491181328596	0.356855105720775	4.63748952097344	3.52666484240286e-06	0.000139857385840894	5.45263581167113	up	13108
Icos	29.5298025698557	1.65470101140929	0.415506743846804	3.98236860391217	6.82318485281707e-05	0.00180079304098935	4.16601286271234	up	54167
1810021B22Rik	13.9966503399938	-1.65133379455458	0.55688552460372	-2.96530206226794	0.00302385864336164	0.036293901355122	2.51943851470619	down	69120
Serpina3g	153.950532220085	1.64378425274533	0.242699063279227	6.7729320028489	1.26198274512913e-11	1.51978779163408e-09	10.8989465830843	up	20715
Pdlim4	30.804174324881	1.63576170203781	0.425106683636826	3.84788516624513	0.000119141872635714	0.00288903921614622	3.92393557807496	up	30794
Itgax	40.3093672495015	1.62316721236816	0.52402755241953	3.09748448316067	0.00195170613535879	0.0257787102542182	2.70958557263227	up	16411
Mroh2a	853.062440347756	1.61911904604869	0.191469185928915	8.45629043751096	2.76017625037741e-17	7.06358675788547e-15	16.5590631852817	up	100040766
2010003K11Rik	365.66871920649	1.61701072515874	0.199783894791236	8.09379918660827	5.78320027205587e-16	1.29498504841926e-13	15.2378317678308	up	69861
Prag1	93.5854054662909	1.61482696741693	0.215341007646105	7.49892918710014	6.43412728068234e-14	1.16718326657543e-11	13.1915103520832	up	244418
Pklr	5011.81760022417	-1.61054618373925	0.126208827018816	-12.7609630941197	2.70831701795914e-37	2.28311124613955e-34	36.5673005013266	down	18770
Myo9a	27.5840440117994	1.59941759087935	0.411969877056585	3.88236538629175	0.000103445283756144	0.00257774185334759	3.98528930476019	up	270163
Gm13165	24.4233400712882	1.59855905535791	0.442036818935674	3.61634820195949	0.000298788399548917	0.00610832603985098	3.52463626800019	up	105247209
Serpina3f	166.589578925244	1.59670973967803	0.259990212720447	6.14142249037229	8.17857314375875e-10	7.23500813106214e-08	9.08732245792331	up	238393
Hk3	266.388700294631	1.58926030453109	0.197133147109529	8.06186239013417	7.51407605923992e-16	1.60722722395474e-13	15.1241244132198	up	212032
Slfn1	22.7231788758036	1.58816289485674	0.533630132007391	2.97614920822114	0.0029189280738459	0.0353602351870546	2.53477660645655	up	20555
Cyp2b13	28.1595692398151	1.57898808133704	0.550910393567169	2.86614320545492	0.00415506239309294	0.0457344079534676	2.38142245039431	up	13089
Cd274	123.303703833457	1.57283643867791	0.204589056009557	7.68778384022864	1.49705456783949e-14	2.75054987329586e-12	13.8247623692764	up	60533
Gbp2	222.263248746041	1.57271970583014	0.212247516763201	7.40983795624231	1.26453832220549e-13	2.26526233694086e-11	12.8980680046982	up	14469
Themis2	242.192371513138	1.57265597954281	0.153848475011204	10.2221096402046	1.57867175345651e-24	6.28442913855145e-22	23.8017081616206	up	230787
Gm49539	142.967912851031	1.57048791244164	0.284430082252104	5.52152536049137	3.36069295821442e-08	2.2717967351024e-06	7.47357116400909	up	NA
H2-DMb1	156.184118212048	1.55697720116405	0.193587592775072	8.04275304447374	8.78422442739735e-16	1.82444522129031e-13	15.0562965769997	up	14999
Sectm1a	39.9081777748745	1.54933738230612	0.427328644614503	3.62563427898402	0.000288253064557074	0.00595238424807986	3.54022606681504	up	209588
Slamf7	19.9628385626621	1.54899289879774	0.517127413066452	2.99537959052016	0.002741034976591	0.0337762444105981	2.56208542267154	up	75345
Cyp4a14	15781.6964506656	-1.52522175326409	0.487187758361373	-3.13066518418707	0.00174410881777456	0.0236691575617325	2.75842642222185	down	13119
Gm1966	50.924432687334	1.52383440728126	0.448221445413348	3.3997356058588	0.000674510407358638	0.0113455500561698	3.17101134499347	up	NA
Uap1l1	235.056772160548	1.52300537967685	0.211936638159336	7.18613540775258	6.66509451127659e-13	1.03823336349027e-10	12.1761936878953	up	227620
Fbxl13	17.5713123631623	1.52281648465102	0.46438348588279	3.27922187361198	0.00104093760186405	0.0158026236994849	2.98257530312955	up	320118
Ccno	37.1372375227476	1.51757391787295	0.435393758156579	3.48552061081038	0.000491180382409882	0.00889899628358536	3.30875898710564	up	218630
Ltbp2	80.321168265356	1.51267625186055	0.395737423163271	3.82242407040807	0.000132146175949197	0.00313580465188844	3.87894539997981	up	16997
Adgrf1	272.711525267703	-1.51067388470639	0.234952300205182	-6.42970459700601	1.27852165181078e-10	1.25496532822605e-08	9.89329191278249	down	77596
Tff3	26.8289294527926	-1.5091963152475	0.461171427019637	-3.27252779947973	0.00106590389899392	0.0160456604794978	2.97228194917252	down	21786
Gm4070	17.8534369437754	1.5036969722976	0.510333636890689	2.94649786649215	0.00321394636197659	0.0379182914080506	2.49296137551666	up	NA
Pkm	1041.10017048064	1.49732598076611	0.215086038920233	6.96152101867202	3.36618323168773e-12	4.59435922793494e-10	11.4728622477348	up	18746
Cyp2a5	27379.5636551021	1.4892761953205	0.159062655262616	9.36282745224941	7.7630889287636e-21	2.64887684376455e-18	20.1099654388205	up	13087
Gm49012	79.765451355736	-1.48215066656411	0.337833794858721	-4.38721847583049	1.14809452439891e-05	0.000392681208333193	4.94002235432925	down	NA
Gm16618	20.2262793326087	-1.48146125930332	0.499904539071781	-2.96348831329695	0.00304173611829841	0.0364133766530295	2.51687846527902	down	100504291
Fhit	621.950713580283	1.47768488023084	0.149093545205002	9.91112578481549	3.72425741372218e-23	1.4424954863798e-20	22.4289603090292	up	14198
Ccdc149	111.130667387994	-1.47581927579321	0.268378218940816	-5.49902775872683	3.81891019104951e-08	2.54552567199677e-06	7.41806055476893	down	100503884
Serpina1e	92117.75027432	-1.46619149576775	0.498073521578479	-2.94372503706109	0.00324287968298704	0.0381871066038514	2.4890691641806	down	20704
Ncf1	26.3437491640306	1.46339071473302	0.389058232938774	3.76136678481062	0.000168987415023988	0.00381379314127365	3.77214563733396	up	17969
Extl1	495.375169561071	1.45777201376109	0.1671202495594	8.72289275299907	2.7118310010107e-18	7.77265001509687e-16	17.5667373788225	up	56219
Batf2	39.2164588789647	1.45045228935786	0.297915623793208	4.86866808423805	1.12352935111942e-06	5.19396746157817e-05	5.94941557757267	up	74481
Rhoh	32.3150893464074	1.44958422331893	0.392016895629685	3.69775955954782	0.000217510766198398	0.00471580452403818	3.66251924176757	up	74734
Slc28a2	40.2536507454376	1.4461695637056	0.450525752414894	3.2099598212841	0.00132753527128907	0.019081014237673	2.87695393132166	up	269346
Slc28a1	50.4377318798895	1.44584037192692	0.312589066356785	4.62537090237397	3.73928652198418e-06	0.000145618791159117	5.4272112558543	up	434203
Cox7a1	42.6674194443201	-1.4454736813213	0.334416316598099	-4.32237785532	1.54356540610898e-05	0.000498217023309634	4.81147496325971	down	12865
Gm31121	45.0430287280476	1.44363232817219	0.480800583841901	3.00255943251286	0.00267719692662323	0.0331320459027958	2.57231968223097	up	102633249
Gm13481	15.0299810445509	-1.43865502448765	0.505583251293725	-2.84553537089354	0.00443368350732213	0.0478457216441516	2.35323531165665	down	102633236
Cyp2b10	1129.99827711118	1.43429975960205	0.373650388302433	3.83861439598219	0.000123730565791351	0.00298515612517821	3.90752300114094	up	13088
Gbp11	406.124876168747	1.43426730924042	0.245501226193802	5.84220018562428	5.15158468974926e-09	4.10152001048871e-07	8.28805915617239	up	634650
Fbxw9	1681.83865059004	1.43385043895546	0.113592374261257	12.6227702192198	1.58158117655975e-36	1.25920221340432e-33	35.8009085124886	up	68628
Pclo	37.6682593586875	-1.43113079754027	0.46065846416124	-3.10670683137464	0.00189183913488203	0.025103654298143	2.72311579489154	down	26875
Acnat2	612.229427128689	-1.41663632058008	0.361586724964774	-3.91783277087423	8.93486542223936e-05	0.0022947232323676	4.0489119844923	down	209186
Klk1b4	90.7216056520543	-1.41432483681241	0.295249052638105	-4.79027730715869	1.66550975646417e-06	7.32160132511902e-05	5.77845281889226	down	18048
Marchf9	22.2885257125897	-1.40905495759869	0.451717684851304	-3.11932652816664	0.001812649612116	0.0243231101041521	2.74168613756532	down	216438
Rasgrp4	24.6182398992177	1.4072631429181	0.492454304449538	2.85765223331965	0.00426787857052118	0.0464411296842362	2.3697879455978	up	233046
Serpina9	55.5007748372158	-1.40301525446655	0.492963809369543	-2.84608165508312	0.00442608436777502	0.0477997099280963	2.35398031202875	down	71907
Scn8a	36.9657579733967	1.39961683272653	0.441867589653079	3.16750281192924	0.00153754223140918	0.0214343557571254	2.81317294669656	up	20273
Gbp5	118.366291043915	1.39269465213373	0.247531459588101	5.62633393933528	1.84079826527756e-08	1.31246168854193e-06	7.73499380360752	up	229898
Pls1	65.0593290314472	1.39244042255675	0.32205677026418	4.3235868676648	1.53512651661793e-05	0.000496611695477462	4.81385582656802	up	102502
Gm49201	92.1046768473156	-1.38943776522868	0.319872879767457	-4.34371856169482	1.4009096618756e-05	0.000459674946214186	4.85358986943506	down	NA
Itk	26.9979833897673	1.38634010034444	0.438079964137635	3.16458229965725	0.00155305732666202	0.0216086063576635	2.80881251323894	up	16428
Gm49325	19.167616203651	-1.38561813617188	0.481438458722547	-2.87807945349545	0.00400104353677526	0.0445832133654126	2.39782672288284	down	NA
Art2b	47.1154413483463	1.38424529506459	0.355205143039473	3.89703055316055	9.73793379603825e-05	0.00245262441530798	4.01153318235872	up	11872
H2-DMa	181.898857291825	1.38073313377443	0.192368089941742	7.17755805649777	7.09675259879277e-13	1.09358668272365e-10	12.1489403345276	up	14998
Gm44507	37.0379396309347	1.37722394861045	0.395332261953517	3.48371251515107	0.000494510352487078	0.00893673122508488	3.30582461209319	up	108167447
Tcf4	825.481871692375	1.37471470240709	0.197044669598845	6.97666526684438	3.02268722972737e-12	4.20564375623523e-10	11.5196067887901	up	21413
Hspa2	126.390711786143	1.37308511331873	0.218072584692289	6.29645911363055	3.04521554309211e-10	2.87111736500349e-08	9.51638196218954	up	15512
Ier3	47.4402731445791	1.37227481154303	0.338780359204007	4.05063273079733	5.107932566422e-05	0.00140836975717341	4.29175484481194	up	15937
Ly6a	450.605927405906	1.36451831813505	0.163315474124371	8.35510734944759	6.53732341189922e-17	1.58790477654115e-14	16.1846000292564	up	110454
Sult2a7	49.4975089299757	-1.3589078669404	0.466196450094194	-2.9148824849821	0.0035582249757849	0.0408924796535473	2.44876659625967	down	638251
Obp2a	28.8643344777158	-1.34728806928694	0.381744028447179	-3.52929703908482	0.000416665170409635	0.00787761023369456	3.38021280127322	down	227627
Runx3	20.333479030612	1.34504755142329	0.43864736630908	3.06635273509322	0.00216687519578538	0.0280266141072205	2.66416610175937	up	12399
Gm43311	32.1770769640816	1.33940992338759	0.398456019282369	3.36150003656592	0.000775203463592807	0.0126100350019847	3.11058429553432	up	NA
Them7	1141.84803692376	1.33758280800663	0.113449401925569	11.7901265701178	4.38880963027933e-32	2.85891049143332e-29	31.3576532567746	up	74088
Selenbp1	21866.123286311	1.33607862558203	0.118830686731065	11.2435488032297	2.49160559570361e-29	1.32248888118624e-26	28.6035207024485	up	20341
Car2	367.64916924133	1.33425135038011	0.143156553660221	9.32022541941692	1.16093388116878e-20	3.86914963977437e-18	19.935192513992	up	12349
Ms4a6b	59.1010680459066	1.33025322273734	0.278791759546273	4.77149405313232	1.8286438089688e-06	7.96543903535921e-05	5.73787088001519	up	69774
Slc17a8	529.388627174486	-1.32964755299633	0.239215216464726	-5.55837363795961	2.72299986482787e-08	1.89433548848777e-06	7.5649523802188	down	216227
Gpr137b-ps	477.236905813726	-1.32868869450591	0.427597036564711	-3.10733840716138	0.00188780160956856	0.0250732945938156	2.72404364795997	down	664862
Nrtn	42.0598956842174	-1.3248966008	0.41147149578455	-3.21989886146022	0.0012823583000423	0.0186006850181237	2.89199061289032	down	18188
Tomm40l	344.798525232462	1.32454803058137	0.183182734973661	7.23074710491589	4.80344112961661e-13	7.82251304869724e-11	12.3184475275894	up	641376
Gbp8	290.073347981036	1.31805817947342	0.198169089361823	6.65117947364066	2.90753469948634e-11	3.30697458558244e-09	10.5364750935538	up	76074
Sdf2l1	1329.96611906459	-1.31483862432348	0.348258320195808	-3.77546938026982	0.00015970664286792	0.00365065501627982	3.79667701936006	down	64136
Gm36723	44.4938276907608	1.30917158356889	0.355301016757401	3.68468290779698	0.000228987537550036	0.00488440875490173	3.64018815312094	up	328066
Maff	167.321283305042	1.30858309284807	0.315977778388303	4.14137696493316	3.4522704082651e-05	0.00100150783847869	4.4618951943537	up	17133
Batf3	55.7266924591888	1.3015111831655	0.270710830236326	4.80775439249807	1.52635124984756e-06	6.85709710393899e-05	5.81634551335558	up	381319
Wipf3	231.324297536366	1.29958314081299	0.242370829409103	5.36196184987014	8.2322928975613e-08	4.93627571192264e-06	7.08447918616451	up	330319
Lpl	1968.74692910534	1.29909146754615	0.148166045244497	8.76780820735583	1.82177811685248e-18	5.32814330461488e-16	17.7395045189627	up	16956
Amz1	50.7092317600929	1.29743190759648	0.320646174526594	4.04630402814574	5.20326460079949e-05	0.00142850545965628	4.28372408843316	up	231842
Hectd2os	1626.6284118185	1.29449043785031	0.188094188444179	6.88213946724079	5.89602447671198e-12	7.58682989959801e-10	11.2294407222184	up	668215
Gm13855	29.4856312951284	-1.29131996725934	0.446165957528181	-2.89425928955545	0.00380054181451299	0.042718089995126	2.4201544848886	down	105242626
Fbxo17	43.9015472371441	-1.29130485935303	0.329656577039146	-3.91712148124286	8.96125964955098e-05	0.00229738483072836	4.04763093895413	down	50760
Myc	217.521981079216	1.2891720354714	0.275583322858979	4.67797551062656	2.89721137403267e-06	0.000118290416527812	5.53801981849068	up	17869
Cyp2d41-ps	26.0126194734411	-1.28886544925324	0.434127054089494	-2.96886691836429	0.00298900015906454	0.0359245927079914	2.52447406184903	down	271300
Fam241b	76.8440773803398	1.28781759292514	0.319887652694234	4.02584339244912	5.67714649877506e-05	0.0015379808407173	4.24586989866014	up	69894
Ces2c	3567.77334075785	1.28712587287581	0.193780256125328	6.64219306245189	3.09049777301501e-11	3.48739555788017e-09	10.5099715650208	up	234671
Gm37795	38.9902975346079	1.28673394939304	0.447281477748741	2.87678791411045	0.0040174551130887	0.0446759211297518	2.39604896689736	up	NA
Syne4	75.332068581184	-1.28035144963588	0.295833018411268	-4.32795316936506	1.50501458737579e-05	0.000489078549924772	4.82245929064415	down	233066
Fyb	90.725372721305	1.27637243619158	0.308976724100255	4.13096630468975	3.61241534519861e-05	0.00103746541707498	4.44220232154858	up	NA
Gpr132	24.8898992695953	1.27550759031641	0.409662435484696	3.11355760214451	0.00184846423844043	0.024660616608619	2.73318894714563	up	56696
4930505N22Rik	18.4899578537479	-1.27191395082947	0.43585417185713	-2.91820988063501	0.00352047305022371	0.0405444613335693	2.45339897592574	down	100174921
Fcgr4	162.1367303318	1.26807562872587	0.193432861225414	6.5556370344341	5.54048439001812e-11	5.88153198469257e-09	10.2564522643843	up	246256
Gm12185	72.8294842720925	1.26806820574779	0.305083968705118	4.15645637209295	3.23221860044582e-05	0.00094725817511225	4.4904992748291	up	620913
Cd180	88.0782717973043	1.26782513574059	0.306987391073919	4.12989318976725	3.62931808109813e-05	0.00104023514840435	4.44017496764622	up	17079
Pla2g12a	832.974778849585	1.26771597205968	0.174148197222336	7.2795239473032	3.35000202193359e-13	5.58242778794538e-11	12.4749549308395	up	66350
Saa3	125.652664732325	1.2647286849702	0.265167200045868	4.76955175734945	1.84636301073897e-06	7.99402667882182e-05	5.73368290891045	up	20210
Marchf1	57.1842121230097	1.26423540818996	0.314307931416305	4.0222828692015	5.76367792102049e-05	0.00155554177563361	4.23930029590657	up	72925
Cnnm1	31.9085383597897	1.25339256542336	0.387055489791236	3.23827616060788	0.00120254344343464	0.0176755385516532	2.91989922522179	up	83674
Esrrg	382.896790953181	1.25285922705884	0.246704407658637	5.07838201574579	3.80662705627625e-07	2.03555120684682e-05	6.41945966989832	up	26381
Gm49024	35.0337479399492	-1.25041269631321	0.370276275055145	-3.37697222466385	0.000732884503247016	0.0121421593248936	3.1349644613134	down	NA
Lysmd2	37.8006795309962	1.24664464881947	0.390392299080521	3.1933126031319	0.00140650595136559	0.0200557904124462	2.85185842585941	up	70082
Gm32281	84.136286631766	-1.24603020014172	0.351146876699138	-3.54845873001832	0.000387492716768776	0.00744391169438784	3.41173645598827	down	102634779
Irgm2	2511.82248640665	1.24379246855887	0.197313386692247	6.30363955233732	2.90736192587679e-10	2.75929826223446e-08	9.53650090127834	up	54396
Gpr162	30.6712554367091	-1.23481259923791	0.348283226946553	-3.54542654856993	0.000391978215234779	0.00749991962954555	3.40673806886277	down	14788
Hectd2	432.609727459687	1.23480083216827	0.174830110758301	7.06286135044181	1.63108453970828e-12	2.36111843823831e-10	11.7875235287345	up	226098
Tnfrsf11a	33.8778711932495	1.23056330071724	0.407656042262434	3.01863132921517	0.00253919320712434	0.0318923556978957	2.59530425241672	up	21934
Adam11	402.494777600028	-1.22845662148284	0.198889232484029	-6.17658686767513	6.55021768096978e-10	5.94121326493531e-08	9.18374426701996	down	11488
Epop	104.785077635716	-1.22820017731474	0.287181265421226	-4.27674199259922	1.89648384541177e-05	0.000594715754673875	4.72205085234342	down	103551
Abcg1	313.424700562051	1.22043559190884	0.144069844228958	8.47113841512386	2.430062694624e-17	6.33185972302845e-15	16.6143825216371	up	11307
Ccdc88b	106.08170893278	1.21869579346843	0.268941338842886	4.53145581379139	5.85785907354835e-06	0.000217484399956014	5.2322610806429	up	78317
Mup3	217774.401367024	-1.21303167431269	0.111643974097141	-10.8651782070856	1.6889311672687e-27	7.80776534133154e-25	26.7723880498278	down	17842
Zfp9	121.366929378382	-1.20899369890843	0.402644214460051	-3.00263521861278	0.00267653039773893	0.0331320459027958	2.57242781990793	down	22750
Gjc3	37.3208582355811	-1.20839218260197	0.368641000850713	-3.27796468600445	0.00104558475493763	0.0158563757915463	2.98064075757626	down	118446
Wnk4	89.1179858530352	-1.20595759702295	0.255539143623466	-4.71926758430372	2.36695302237343e-06	9.83211703293726e-05	5.62581036155822	down	69847
Crat	1671.55127747603	-1.20249635906241	0.141221408640079	-8.51497213235652	1.66630370573651e-17	4.44258448084665e-15	16.7782458398412	down	12908
Gask1a	521.966715678065	-1.19050057130642	0.181293330126399	-6.56670915844719	5.1439376781883e-11	5.54268953880576e-09	10.2887043017835	down	245050
Cabcoco1	188.304690611757	1.18910197877667	0.218457746977949	5.4431669063066	5.23415609799048e-08	3.34869156429918e-06	7.28115332955915	up	73287
Neto2	92.7393361392816	-1.18856716515354	0.299339000447081	-3.97063918626821	7.16800653625784e-05	0.00188140479251119	4.1446016073276	down	74513
Pbx4	31.6733879118514	-1.18711787662194	0.358047361901393	-3.31553309125868	0.000914685110446813	0.0142948225930352	3.03872839044969	down	80720
Nlrp1b	74.9399693405458	1.18459635731294	0.349732039097319	3.38715423491215	0.000706216735562726	0.0117683628341272	3.15106199496264	up	637515
Erbb4	655.990180966571	1.17905702235998	0.232880266217327	5.06293230212848	4.12856490455223e-07	2.17523763408596e-05	6.38420088353572	up	13869
Tafa5	161.129925333455	1.17733339048071	0.268605577076416	4.38313084670528	1.16985800851607e-05	0.000396433087947975	4.93186684753602	up	106014
Rassf4	190.840112308004	1.17541174996011	0.190880582811276	6.15783822874348	7.37446265131679e-10	6.60521401600131e-08	9.13226961956269	up	213391
B430306N03Rik	72.8808237761401	1.17318080892271	0.231969504587845	5.05747861559291	4.24836050453551e-07	2.21393652329085e-05	6.37177863729207	up	NA
Kcna2	91.8872395021738	1.17118785054705	0.25814305204419	4.53697219922294	5.70676260322187e-06	0.000212978163715554	5.24361019337976	up	16490
Cnmd	86.6321946481413	-1.1699571210225	0.30548354887598	-3.82985311427514	0.00012821977117158	0.00307649249225805	3.89204500251865	down	16840
Csf2rb2	51.9826053693233	1.16972217971467	0.276373906805172	4.23239007342056	2.31220933318003e-05	0.00070955614462105	4.63597285012628	up	12984
Dysf	426.667743478019	1.16697081836332	0.139825949808712	8.34588157605784	7.06846100174384e-17	1.68830191026652e-14	16.1506751337572	up	26903
Neurl3	413.279883172311	1.16514710384353	0.158257194121411	7.36236422181006	1.80681172138804e-13	3.19671836780395e-11	12.7430871006889	up	214854
Mki67	57.8641692781716	1.16059891976678	0.352757793503136	3.2900730788715	0.00100161365815969	0.0153603917813924	2.99929976198614	up	17345
Rad51b	115.859328695344	-1.15898808248126	0.319856489085674	-3.62346277792983	0.000290685052367472	0.00598535558258369	3.53657729998475	down	19363
Cbr3	37.6506028035436	1.15717931263531	0.37168458126089	3.11333687480319	0.00184984738359259	0.024660616608619	2.73286410035247	up	109857
Gm5431	40.5750193463645	1.15238241539106	0.390463029606523	2.95132273227593	0.00316416113305892	0.0374756968577416	2.4997414084182	up	432555
Klf10	282.761894611717	-1.15219693889958	0.241566210334607	-4.76969414432426	1.84505845712508e-06	7.99402667882182e-05	5.73398986950239	down	21847
Sinhcaf	67.4319499783039	1.15092691963725	0.271990442925959	4.23149764843227	2.32140421896765e-05	0.000710855638077466	4.63424923059869	up	56306
Shank2	1413.9760916051	-1.15042731831716	0.157413730400433	-7.30830350942496	2.70536178193492e-13	4.61554044010826e-11	12.5677746494514	down	210274
Pparg	375.715031251741	1.14982496961649	0.160439678951359	7.16671198254569	7.6820410895772e-13	1.15885611426032e-10	12.1145233742173	up	19016
Tmem98	270.183268968899	-1.14159856390422	0.172879335280952	-6.6034414237478	4.01721069281253e-11	4.39470583501499e-09	10.3960753899944	down	103743
Tert	724.480689306101	1.14087901573354	0.126967505212936	8.98559843182067	2.57330056980483e-19	8.38135692406205e-17	18.5895094838309	up	21752
Gm44877	186.994703963741	1.13997601857186	0.177610896972228	6.41839007631443	1.37722996681764e-10	1.34265868397711e-08	9.86099353615474	up	NA
Usp18	93.7855772876374	1.13786890181259	0.224597357972318	5.06626129570427	4.05704932357594e-07	2.14544552974785e-05	6.39178971232854	up	24110
Mfge8	598.930550879795	1.13545903664916	0.183179720962455	6.1986066507978	5.69651994291389e-10	5.19979791731841e-08	9.24439037786262	up	17304
Krt19	62.8907436379003	-1.13493317897709	0.383001330115141	-2.96326171670449	0.0030439763610585	0.0364133766530295	2.51655872453672	down	16669
Tm6sf1	59.5144443232481	1.13332932417054	0.295975186509072	3.82913627840825	0.000128593786320671	0.00307659023666366	3.8907800161073	up	107769
Plcb2	83.1612857995014	1.12996618391067	0.2520826882746	4.48252195200238	7.37660518380748e-06	0.000266282440526814	5.13214346055441	up	18796
Lair1	77.5994604087202	1.1298344943147	0.26011510267046	4.34359436539939	1.40170226429139e-05	0.000459674946214186	4.85334422510487	up	52855
Gm44421	102.514722641725	-1.12362450020933	0.293989762792627	-3.82198512470621	0.000132381677091097	0.00313580465188844	3.87817212130798	down	NA
Adh6-ps1	2676.25910496652	-1.12132418456807	0.334971042870508	-3.34752572926594	0.000815364185773054	0.0130335535402318	3.08864836850654	down	639769
Spic	39.5227588866497	1.12120087914275	0.348303410745433	3.21903502679796	0.00128622772777616	0.0186379469835796	2.89068213237541	up	20728
Aim2	56.5957352507536	1.11937736432031	0.382585051820201	2.92582618948314	0.0034354281549564	0.0398062290205055	2.46401912942034	up	383619
Fdps	148.297243130866	-1.11778327039476	0.279776892522695	-3.99526658658592	6.46214964687219e-05	0.00172089946671211	4.18962298905154	down	110196
Lhx6	171.422319595567	-1.11314969517162	0.229161596118175	-4.85748796494501	1.1888436095199e-06	5.46067877180438e-05	5.92487527237011	down	16874
Serpina6	12144.2322678459	1.11040890287676	0.14234392082276	7.80088743135995	6.14733306173341e-15	1.17463240143602e-12	14.2113132562212	up	12401
Slc16a9	48.8952169789706	1.1081813863648	0.382569916732953	2.89667675866512	0.00377138118907306	0.0424903017457595	2.42349956943888	up	66859
Igfbp2	16151.1062617806	-1.10435506708997	0.171380996100492	-6.44385954229379	1.16472882986115e-10	1.1591478375514e-08	9.93377517455481	down	16008
Rap1gap2	43.4239151107874	1.10329744750545	0.346208420938659	3.18680130458447	0.0014385556364772	0.0204320523551583	2.84207333700773	up	380711
D630045J12Rik	244.584304330773	1.10291018266281	0.204228594211952	5.40037102502009	6.65032094078712e-08	4.12579001742079e-06	7.17715739538118	up	330286
Scimp	32.6995708444283	1.1014317492638	0.368877054372314	2.98590475121313	0.00282740694077856	0.0346617355588516	2.54861168022088	up	327957
Hcrtr2	121.41386295212	1.10040939821092	0.243518438472675	4.51879293047616	6.21931827563853e-06	0.000227951535059273	5.2062572174562	up	387285
Myo1g	80.4453681357839	1.0982923397639	0.237446007966223	4.6254403229223	3.73803425149014e-06	0.000145618791159117	5.42735672351229	up	246177
Rasgrp1	67.2433860875708	1.0925677296773	0.269801582718662	4.04952305567674	5.13221217197515e-05	0.00141170312162334	4.28969539765695	up	19419
Lrp4	990.606649466595	1.09175498216866	0.114874844634341	9.50386471158099	2.02241921347315e-21	7.069095060557e-19	20.6941288174752	up	228357
A930004D18Rik	65.3196239228507	1.08783542217301	0.258742539647305	4.20431608832415	2.61872765938227e-05	0.000793424652993812	4.58190966468185	up	77940
Ccnb2	45.106898796874	-1.08764574757462	0.351470669955226	-3.09455621919512	0.00197107575286393	0.0259866482192208	2.70529668448839	down	12442
Laptm5	604.968795726037	1.08540815909568	0.157329563901628	6.8989459589066	5.23897948406446e-12	6.95183472093775e-10	11.2807533022535	up	16792
Atp2b2	167.814905798492	-1.08445473849863	0.306729514342099	-3.53554088469337	0.000406941268335278	0.00772433816756672	3.3904682656604	down	11941
Lepr	66.4596066754362	-1.08371020780603	0.276884100722962	-3.91394885071549	9.07988774702087e-05	0.00232364055897422	4.04191952054838	down	16847
Rcan2	162.721711688165	-1.08326941915753	0.200451289928472	-5.40415289691615	6.51153841605283e-08	4.05725465393274e-06	7.1863163928956	down	53901
Clec4a3	52.1235262072252	1.08303601976604	0.320827250162478	3.37576069120546	0.000736119170976233	0.0121535988931571	3.13305187165734	up	73149
Abcc4	168.806759618354	1.08279693640828	0.207031166805477	5.23011560585781	1.69404069978383e-07	9.48331924554768e-06	6.77107615983813	up	239273
Cys1	177.078169494926	-1.08266708257477	0.228525985691167	-4.73761038290808	2.1625307036145e-06	9.0883365142227e-05	5.6650377177056	down	12879
Ugdh	9123.29195663776	1.08216627268254	0.092485457275394	11.7009344448628	1.26057657295102e-31	7.85448820302653e-29	30.8994307682342	up	22235
Aoah	55.9482771640195	1.08165229124418	0.309856162821956	3.49082064850104	0.00048153939281827	0.00877116082369322	3.31736817918574	up	27052
Yjefn3	26.1684718217626	-1.07982075358628	0.374015409200363	-2.88710231456751	0.00388807773948683	0.0435020354408872	2.41026506023428	down	234365
Casp1	86.9414376250611	1.07908114176501	0.338686091665731	3.18608046896126	0.00144214479295297	0.0204627495324842	2.84099113377496	up	12362
Ccr5	208.349307548536	1.07900122857598	0.204725959287867	5.27046610175501	1.36077756596852e-07	7.73861241979954e-06	6.86621285919589	up	12774
Manf	3186.92859981984	-1.07294713800404	0.179538381994951	-5.97614351918473	2.28481730165188e-09	1.90370446220774e-07	8.64114852122067	down	74840
Clstn3	862.056063556663	1.07085104767143	0.350515162276746	3.05507767685654	0.00225002239444776	0.0288159704511446	2.647813159339	up	232370
Fam129b	527.0389679152	1.06707459138116	0.156072227577328	6.83705620112627	8.08370348497768e-12	1.01620661967733e-09	11.0923896250429	up	NA
Gbp3	252.160980468423	1.06580483480658	0.25356465216039	4.20328632451664	2.63067480058973e-05	0.000795362881165642	4.57993283531927	up	55932
Pld4	295.678858674649	1.06522629294654	0.152461496741807	6.98685448923866	2.811175315848e-12	3.98880727241759e-10	11.5511120692516	up	104759
Zbed5	78.0089031341639	1.06228456192054	0.305024598986405	3.48261932136131	0.000496533886649222	0.00893948131855527	3.30405110712314	up	71970
Ccdc74a	29.3891963735375	-1.06039546667546	0.369775146203614	-2.86767641785088	0.0041349820006446	0.0457122551665547	2.38352637656796	down	72315
Evl	56.3615414857765	1.06034779450944	0.279840688155104	3.78911230350366	0.000151186560138991	0.00349460418282562	3.82048681410533	up	14026
Gm8995	98.2653765380106	1.055375158265	0.294442360632668	3.58431835690122	0.000337959665230424	0.00672680550335724	3.47113512875528	up	668139
Aldh3b1	155.067775726118	1.05475079498382	0.189828702094589	5.55632938194061	2.75506760708292e-08	1.90738521145437e-06	7.55986773945365	up	67689
Cyth4	210.882995399107	1.05117302062044	0.180965733097548	5.80868544905023	6.29652593286611e-09	4.93090235759039e-07	8.20089900361562	up	72318
Adgre1	420.086297584167	1.04869250317723	0.15870346247273	6.6078741247213	3.89877959258527e-11	4.33127211948368e-09	10.4090713158327	up	13733
Tbc1d9	74.4047691774519	1.04455983094458	0.290536006582775	3.59528529090243	0.000324036282013883	0.00650387108899293	3.48940635955809	up	71310
Lgals1	593.965744163715	1.04425328937598	0.364035874721033	2.86854500308853	0.00412364530263436	0.0456692123895309	2.38471869783408	up	16852
Ptgds	263.150409059761	-1.04206120193522	0.276897615455315	-3.7633448024524	0.000167655789140813	0.00379334872820491	3.77558144582298	down	19215
Dram1	52.7813914670305	1.03968350246341	0.358602468132653	2.89926477047785	0.0037403888931219	0.0422740640594085	2.42708324128708	up	71712
Ctss	881.938462963647	1.03696350771359	0.128443464884302	8.07330687199738	6.8419360687866e-16	1.48947618336319e-13	15.16482098819	up	13040
Apoa1	182805.561137645	-1.03480308182444	0.142479721784012	-7.26280953434989	3.79131621470377e-13	6.24521295091031e-11	12.4212099917345	down	11806
Fpr1	72.468271917884	1.03453124930869	0.280525976163222	3.68782692946323	0.000226177397802231	0.00485231779626313	3.64555079684742	up	14293
Gm2788	687.716555948778	-1.0344457513329	0.206660021672976	-5.00554361196104	5.57045984724317e-07	2.81092465038176e-05	6.25410895188607	down	108167326
Fras1	446.018444438798	-1.03256485831489	0.183227927279217	-5.63541199012412	1.74640316618243e-08	1.26402544315961e-06	7.75785548993387	down	231470
Lgals3	163.36792809075	1.03197881300152	0.213624779909922	4.83080105892522	1.35984826173364e-06	6.18666204409678e-05	5.86650954954765	up	16854
Cd300c2	113.396925305331	1.0313257237475	0.20225139570409	5.09922673293399	3.41043838761459e-07	1.83740573431972e-05	6.46718979195037	up	140497
Spaca6	159.038586335775	-1.03112778659003	0.221721381049234	-4.65055639519522	3.31040703604568e-06	0.000132889196732691	5.48011860361389	down	75202
Cd300a	124.613512223764	1.03111783972157	0.25823922540151	3.99287845647146	6.52760319438497e-05	0.00173235335886539	4.18524625372214	up	217303
Tap1	1547.25369387109	1.03062723743051	0.151400043135515	6.80731138569103	9.94395506694817e-12	1.21800700909773e-09	11.002440846778	up	21354
Abcd2	663.656481270056	1.02863093163156	0.231408519489678	4.44508669732636	8.78564299796245e-06	0.000310881604453827	5.0562264481416	up	26874
Tbc1d8	1178.03751262924	1.0260398379965	0.293025105568461	3.50154242246925	0.000462573321878224	0.0085098052321397	3.33481941803141	up	54610
Rims3	62.9141657308557	1.0252989744343	0.299251503291835	3.42621160848242	0.000612063341753457	0.0105047661684656	3.21320363087647	up	242662
Igsf3	51.5744753497262	1.02434752866079	0.30513339563856	3.35704823956457	0.000787793665524642	0.0127138187169298	3.10358751557912	up	78908
Csad	7465.31058799802	-1.02077435789922	0.288379759068174	-3.53968794896559	0.000400600404719402	0.00762417583005809	3.3972886162823	down	246277
Cd52	146.639474563538	1.01792761875064	0.213777715147208	4.76161707523955	1.92047831419817e-06	8.24023195232755e-05	5.71659059247029	up	23833
Rasa4	62.4594207204843	1.01754583938824	0.354910924332408	2.86704569971255	0.00414323179372313	0.0457146699101145	2.38266076935222	up	54153
Treml4	106.059371813815	1.01721099332201	0.215003385476526	4.73113942400257	2.23263106919897e-06	9.3011150734565e-05	5.65118303592924	up	224840
Myo1f	139.754200101962	1.01580673785849	0.210005396790859	4.83705063479921	1.31779867076101e-06	6.01444992059746e-05	5.88015093485302	up	17916
Mmd2	220.787708150133	-1.01226992790227	0.196118661559863	-5.16151762331546	2.44955825044279e-07	1.35017766488829e-05	6.61091222857137	down	75104
Sting1	80.4235033517364	1.00955697767799	0.245381174687658	4.11423972911954	3.88457573525509e-05	0.00110237336360278	4.41065640695296	up	72512
Itgal	450.106252220577	1.00746320295775	0.151084476306102	6.66821123909909	2.58939912644624e-11	2.99263539363718e-09	10.5868010028469	up	16408
Pdzrn3	106.677601603927	1.00331235241036	0.347190974385566	2.88979963890465	0.00385487435127426	0.0432270769390543	2.41398977310915	up	55983
Dapp1	44.8098492860237	1.00262319866721	0.352153010154464	2.8471237494958	0.00441162093882921	0.0476794416850388	2.35540181065775	up	26377
Gm13775	1674.96815865104	1.00245811277161	0.325950781032208	3.07548921833248	0.00210157526531246	0.0274295766185728	2.67745505166161	up	102632173
